% Time (Julian)	Water level (mm)
 4.16666667e-02 -2.10000000e+01
 8.33333333e-02 -1.70000000e+01
 1.25000000e-01 -1.20000000e+01
 1.66666667e-01 -1.00000000e+01
 2.08333333e-01 -1.10000000e+01
 2.50000000e-01 -1.60000000e+01
 2.91666667e-01 -2.40000000e+01
 3.33333333e-01 -3.10000000e+01
 3.75000000e-01 -3.80000000e+01
 4.16666667e-01 -4.20000000e+01
 4.58333333e-01 -4.10000000e+01
 5.00000000e-01 -3.50000000e+01
 5.41666667e-01 -2.70000000e+01
 5.83333333e-01 -2.00000000e+01
 6.25000000e-01 -1.40000000e+01
 6.66666667e-01 -7.00000000e+00
 7.08333333e-01 -4.00000000e+00
 7.50000000e-01 -7.00000000e+00
 7.91666667e-01 -1.30000000e+01
 8.33333333e-01 -2.00000000e+01
 8.75000000e-01 -2.80000000e+01
 9.16666667e-01 -3.40000000e+01
 9.58333333e-01 -3.50000000e+01
 1.00000000e+00 -3.20000000e+01
 1.04166667e+00 -2.40000000e+01
 1.08333333e+00 -1.90000000e+01
 1.12500000e+00 -1.40000000e+01
 1.16666667e+00 -9.00000000e+00
 1.20833333e+00 -5.00000000e+00
 1.25000000e+00 -6.00000000e+00
 1.29166667e+00 -1.50000000e+01
 1.33333333e+00 -2.40000000e+01
 1.37500000e+00 -3.10000000e+01
 1.41666667e+00 -3.90000000e+01
 1.45833333e+00 -4.30000000e+01
 1.50000000e+00 -4.00000000e+01
 1.54166667e+00 -3.20000000e+01
 1.58333333e+00 -2.20000000e+01
 1.62500000e+00 -1.60000000e+01
 1.66666667e+00 -9.00000000e+00
 1.70833333e+00 -3.00000000e+00
 1.75000000e+00 1.00000000e+00
 1.79166667e+00 -4.00000000e+00
 1.83333333e+00 -1.50000000e+01
 1.87500000e+00 -2.50000000e+01
 1.91666667e+00 -3.40000000e+01
 1.95833333e+00 -4.10000000e+01
 2.00000000e+00 -3.90000000e+01
 2.04166667e+00 -3.30000000e+01
 2.08333333e+00 -2.50000000e+01
 2.12500000e+00 -1.90000000e+01
 2.16666667e+00 -1.70000000e+01
 2.20833333e+00 -1.30000000e+01
 2.25000000e+00 -1.20000000e+01
 2.29166667e+00 -1.60000000e+01
 2.33333333e+00 -2.30000000e+01
 2.37500000e+00 -3.10000000e+01
 2.41666667e+00 -3.80000000e+01
 2.45833333e+00 -4.20000000e+01
 2.50000000e+00 -4.30000000e+01
 2.54166667e+00 -3.70000000e+01
 2.58333333e+00 -2.80000000e+01
 2.62500000e+00 -1.80000000e+01
 2.66666667e+00 -1.30000000e+01
 2.70833333e+00 -6.00000000e+00
 2.75000000e+00 0.00000000e+00
 2.79166667e+00 2.00000000e+00
 2.83333333e+00 0.00000000e+00
 2.87500000e+00 -6.00000000e+00
 2.91666667e+00 -1.10000000e+01
 2.95833333e+00 -1.80000000e+01
 3.00000000e+00 -2.20000000e+01
 3.04166667e+00 -2.10000000e+01
 3.08333333e+00 -1.40000000e+01
 3.12500000e+00 -8.00000000e+00
 3.16666667e+00 -3.00000000e+00
 3.20833333e+00 1.00000000e+00
 3.25000000e+00 7.00000000e+00
 3.29166667e+00 9.00000000e+00
 3.33333333e+00 4.00000000e+00
 3.37500000e+00 -5.00000000e+00
 3.41666667e+00 -1.20000000e+01
 3.45833333e+00 -1.50000000e+01
 3.50000000e+00 -1.90000000e+01
 3.54166667e+00 -1.70000000e+01
 3.58333333e+00 -1.20000000e+01
 3.62500000e+00 -4.00000000e+00
 3.66666667e+00 1.00000000e+00
 3.70833333e+00 4.00000000e+00
 3.75000000e+00 8.00000000e+00
 3.79166667e+00 1.20000000e+01
 3.83333333e+00 1.20000000e+01
 3.87500000e+00 6.00000000e+00
 3.91666667e+00 0.00000000e+00
 3.95833333e+00 -8.00000000e+00
 4.00000000e+00 -1.50000000e+01
 4.04166667e+00 -2.00000000e+01
 4.08333333e+00 -1.70000000e+01
 4.12500000e+00 -1.20000000e+01
 4.16666667e+00 -5.00000000e+00
 4.20833333e+00 -3.00000000e+00
 4.25000000e+00 2.00000000e+00
 4.29166667e+00 6.00000000e+00
 4.33333333e+00 5.00000000e+00
 4.37500000e+00 -2.00000000e+00
 4.41666667e+00 -1.10000000e+01
 4.45833333e+00 -2.10000000e+01
 4.50000000e+00 -2.70000000e+01
 4.54166667e+00 -3.20000000e+01
 4.58333333e+00 -3.30000000e+01
 4.62500000e+00 -3.00000000e+01
 4.66666667e+00 -2.70000000e+01
 4.70833333e+00 -2.30000000e+01
 4.75000000e+00 -2.00000000e+01
 4.79166667e+00 -1.70000000e+01
 4.83333333e+00 -1.40000000e+01
 4.87500000e+00 -1.50000000e+01
 4.91666667e+00 -2.20000000e+01
 4.95833333e+00 -2.90000000e+01
 5.00000000e+00 -3.70000000e+01
 5.04166667e+00 -4.40000000e+01
 5.08333333e+00 -4.70000000e+01
 5.12500000e+00 -4.30000000e+01
 5.16666667e+00 -3.70000000e+01
 5.20833333e+00 -3.00000000e+01
 5.25000000e+00 -2.80000000e+01
 5.29166667e+00 -2.10000000e+01
 5.33333333e+00 -1.70000000e+01
 5.37500000e+00 -1.70000000e+01
 5.41666667e+00 -2.30000000e+01
 5.45833333e+00 -3.00000000e+01
 5.50000000e+00 -3.60000000e+01
 5.54166667e+00 -4.10000000e+01
 5.58333333e+00 -4.40000000e+01
 5.62500000e+00 -4.10000000e+01
 5.66666667e+00 -3.70000000e+01
 5.70833333e+00 -3.00000000e+01
 5.75000000e+00 -2.60000000e+01
 5.79166667e+00 -2.30000000e+01
 5.83333333e+00 -1.70000000e+01
 5.87500000e+00 -1.10000000e+01
 5.91666667e+00 -1.20000000e+01
 5.95833333e+00 -1.70000000e+01
 6.00000000e+00 -2.10000000e+01
 6.04166667e+00 -2.70000000e+01
 6.08333333e+00 -3.30000000e+01
 6.12500000e+00 -3.70000000e+01
 6.16666667e+00 -3.20000000e+01
 6.20833333e+00 -2.60000000e+01
 6.25000000e+00 -1.90000000e+01
 6.29166667e+00 -1.70000000e+01
 6.33333333e+00 -1.10000000e+01
 6.37500000e+00 -4.00000000e+00
 6.41666667e+00 -4.00000000e+00
 6.45833333e+00 -1.00000000e+01
 6.50000000e+00 -1.60000000e+01
 6.54166667e+00 -2.30000000e+01
 6.58333333e+00 -3.00000000e+01
 6.62500000e+00 -3.80000000e+01
 6.66666667e+00 -3.90000000e+01
 6.70833333e+00 -3.70000000e+01
 6.75000000e+00 -3.30000000e+01
 6.79166667e+00 -3.10000000e+01
 6.83333333e+00 -2.60000000e+01
 6.87500000e+00 -2.20000000e+01
 6.91666667e+00 -1.90000000e+01
 6.95833333e+00 -1.80000000e+01
 7.00000000e+00 -2.10000000e+01
 7.04166667e+00 -2.80000000e+01
 7.08333333e+00 -3.60000000e+01
 7.12500000e+00 -4.50000000e+01
 7.16666667e+00 -4.90000000e+01
 7.20833333e+00 -4.70000000e+01
 7.25000000e+00 -4.10000000e+01
 7.29166667e+00 -3.60000000e+01
 7.33333333e+00 -3.10000000e+01
 7.37500000e+00 -2.30000000e+01
 7.41666667e+00 -1.40000000e+01
 7.45833333e+00 -9.00000000e+00
 7.50000000e+00 -1.20000000e+01
 7.54166667e+00 -1.50000000e+01
 7.58333333e+00 -2.20000000e+01
 7.62500000e+00 -3.00000000e+01
 7.66666667e+00 -3.70000000e+01
 7.70833333e+00 -4.00000000e+01
 7.75000000e+00 -4.10000000e+01
 7.79166667e+00 -4.00000000e+01
 7.83333333e+00 -3.80000000e+01
 7.87500000e+00 -3.20000000e+01
 7.91666667e+00 -2.60000000e+01
 7.95833333e+00 -1.90000000e+01
 8.00000000e+00 -1.70000000e+01
 8.04166667e+00 -1.80000000e+01
 8.08333333e+00 -2.40000000e+01
 8.12500000e+00 -3.40000000e+01
 8.16666667e+00 -4.70000000e+01
 8.20833333e+00 -5.40000000e+01
 8.25000000e+00 -5.50000000e+01
 8.29166667e+00 -5.10000000e+01
 8.33333333e+00 -4.60000000e+01
 8.37500000e+00 -4.00000000e+01
 8.41666667e+00 -3.30000000e+01
 8.45833333e+00 -2.60000000e+01
 8.50000000e+00 -2.20000000e+01
 8.54166667e+00 -2.10000000e+01
 8.58333333e+00 -2.60000000e+01
 8.62500000e+00 -3.50000000e+01
 8.66666667e+00 -4.50000000e+01
 8.70833333e+00 -5.50000000e+01
 8.75000000e+00 -5.90000000e+01
 8.79166667e+00 -5.80000000e+01
 8.83333333e+00 -5.50000000e+01
 8.87500000e+00 -5.00000000e+01
 8.91666667e+00 -4.40000000e+01
 8.95833333e+00 -4.10000000e+01
 9.00000000e+00 -3.80000000e+01
 9.04166667e+00 -3.70000000e+01
 9.08333333e+00 -4.00000000e+01
 9.12500000e+00 -4.40000000e+01
 9.16666667e+00 -5.00000000e+01
 9.20833333e+00 -5.60000000e+01
 9.25000000e+00 -6.00000000e+01
 9.29166667e+00 -5.90000000e+01
 9.33333333e+00 -5.30000000e+01
 9.37500000e+00 -4.60000000e+01
 9.41666667e+00 -4.00000000e+01
 9.45833333e+00 -3.30000000e+01
 9.50000000e+00 -2.80000000e+01
 9.54166667e+00 -2.50000000e+01
 9.58333333e+00 -2.50000000e+01
 9.62500000e+00 -2.70000000e+01
 9.66666667e+00 -3.00000000e+01
 9.70833333e+00 -3.50000000e+01
 9.75000000e+00 -3.90000000e+01
 9.79166667e+00 -4.10000000e+01
 9.83333333e+00 -3.90000000e+01
 9.87500000e+00 -3.30000000e+01
 9.91666667e+00 -2.90000000e+01
 9.95833333e+00 -2.30000000e+01
 1.00000000e+01 -1.90000000e+01
 1.00416667e+01 -1.50000000e+01
 1.00833333e+01 -1.40000000e+01
 1.01250000e+01 -1.90000000e+01
 1.01666667e+01 -2.50000000e+01
 1.02083333e+01 -3.30000000e+01
 1.02500000e+01 -4.10000000e+01
 1.02916667e+01 -4.70000000e+01
 1.03333333e+01 -4.60000000e+01
 1.03750000e+01 -4.10000000e+01
 1.04166667e+01 -3.40000000e+01
 1.04583333e+01 -2.90000000e+01
 1.05000000e+01 -2.20000000e+01
 1.05416667e+01 -1.80000000e+01
 1.05833333e+01 -1.40000000e+01
 1.06250000e+01 -1.60000000e+01
 1.06666667e+01 -2.20000000e+01
 1.07083333e+01 -3.00000000e+01
 1.07500000e+01 -3.80000000e+01
 1.07916667e+01 -4.40000000e+01
 1.08333333e+01 -4.70000000e+01
 1.08750000e+01 -4.90000000e+01
 1.09166667e+01 -4.80000000e+01
 1.09583333e+01 -4.40000000e+01
 1.10000000e+01 -3.80000000e+01
 1.10416667e+01 -3.10000000e+01
 1.10833333e+01 -2.40000000e+01
 1.11250000e+01 -2.20000000e+01
 1.11666667e+01 -2.40000000e+01
 1.12083333e+01 -2.80000000e+01
 1.12500000e+01 -3.70000000e+01
 1.12916667e+01 -4.60000000e+01
 1.13333333e+01 -5.10000000e+01
 1.13750000e+01 -5.30000000e+01
 1.14166667e+01 -5.00000000e+01
 1.14583333e+01 -4.40000000e+01
 1.15000000e+01 -3.70000000e+01
 1.15416667e+01 -3.00000000e+01
 1.15833333e+01 -2.10000000e+01
 1.16250000e+01 -1.40000000e+01
 1.16666667e+01 -1.10000000e+01
 1.17083333e+01 -1.30000000e+01
 1.17500000e+01 -1.70000000e+01
 1.17916667e+01 -2.30000000e+01
 1.18333333e+01 -3.10000000e+01
 1.18750000e+01 -3.80000000e+01
 1.19166667e+01 -4.10000000e+01
 1.19583333e+01 -4.00000000e+01
 1.20000000e+01 -3.60000000e+01
 1.20416667e+01 -2.70000000e+01
 1.20833333e+01 -1.50000000e+01
 1.21250000e+01 -4.00000000e+00
 1.21666667e+01 1.00000000e+00
 1.22083333e+01 -4.00000000e+00
 1.22500000e+01 -1.50000000e+01
 1.22916667e+01 -2.80000000e+01
 1.23333333e+01 -4.10000000e+01
 1.23750000e+01 -4.80000000e+01
 1.24166667e+01 -4.70000000e+01
 1.24583333e+01 -4.10000000e+01
 1.25000000e+01 -3.30000000e+01
 1.25416667e+01 -2.60000000e+01
 1.25833333e+01 -1.90000000e+01
 1.26250000e+01 -1.20000000e+01
 1.26666667e+01 -9.00000000e+00
 1.27083333e+01 -1.10000000e+01
 1.27500000e+01 -1.60000000e+01
 1.27916667e+01 -2.10000000e+01
 1.28333333e+01 -2.90000000e+01
 1.28750000e+01 -3.40000000e+01
 1.29166667e+01 -3.20000000e+01
 1.29583333e+01 -2.80000000e+01
 1.30000000e+01 -2.20000000e+01
 1.30416667e+01 -1.70000000e+01
 1.30833333e+01 -1.10000000e+01
 1.31250000e+01 -5.00000000e+00
 1.31666667e+01 -1.00000000e+00
 1.32083333e+01 -4.00000000e+00
 1.32500000e+01 -1.00000000e+01
 1.32916667e+01 -1.80000000e+01
 1.33333333e+01 -2.60000000e+01
 1.33750000e+01 -3.30000000e+01
 1.34166667e+01 -3.40000000e+01
 1.34583333e+01 -3.10000000e+01
 1.35000000e+01 -2.50000000e+01
 1.35416667e+01 -2.00000000e+01
 1.35833333e+01 -1.70000000e+01
 1.36250000e+01 -1.30000000e+01
 1.36666667e+01 -8.00000000e+00
 1.37083333e+01 -9.00000000e+00
 1.37500000e+01 -1.30000000e+01
 1.37916667e+01 -1.80000000e+01
 1.38333333e+01 -2.40000000e+01
 1.38750000e+01 -3.30000000e+01
 1.39166667e+01 -3.70000000e+01
 1.39583333e+01 -3.60000000e+01
 1.40000000e+01 -3.20000000e+01
 1.40416667e+01 -2.60000000e+01
 1.40833333e+01 -2.40000000e+01
 1.41250000e+01 -1.80000000e+01
 1.41666667e+01 -1.50000000e+01
 1.42083333e+01 -1.30000000e+01
 1.42500000e+01 -1.70000000e+01
 1.42916667e+01 -2.30000000e+01
 1.43333333e+01 -3.10000000e+01
 1.43750000e+01 -3.70000000e+01
 1.44166667e+01 -4.30000000e+01
 1.44583333e+01 -4.10000000e+01
 1.45000000e+01 -3.70000000e+01
 1.45416667e+01 -3.00000000e+01
 1.45833333e+01 -2.50000000e+01
 1.46250000e+01 -2.40000000e+01
 1.46666667e+01 -1.90000000e+01
 1.47083333e+01 -1.40000000e+01
 1.47500000e+01 -1.30000000e+01
 1.47916667e+01 -1.60000000e+01
 1.48333333e+01 -2.10000000e+01
 1.48750000e+01 -2.60000000e+01
 1.49166667e+01 -3.20000000e+01
 1.49583333e+01 -3.40000000e+01
 1.50000000e+01 -3.10000000e+01
 1.50416667e+01 -2.70000000e+01
 1.50833333e+01 -2.40000000e+01
 1.51250000e+01 -2.40000000e+01
 1.51666667e+01 -2.00000000e+01
 1.52083333e+01 -1.60000000e+01
 1.52500000e+01 -1.70000000e+01
 1.52916667e+01 -2.30000000e+01
 1.53333333e+01 -2.80000000e+01
 1.53750000e+01 -3.40000000e+01
 1.54166667e+01 -3.80000000e+01
 1.54583333e+01 -4.30000000e+01
 1.55000000e+01 -4.00000000e+01
 1.55416667e+01 -3.90000000e+01
 1.55833333e+01 -3.70000000e+01
 1.56250000e+01 -3.50000000e+01
 1.56666667e+01 -3.10000000e+01
 1.57083333e+01 -2.60000000e+01
 1.57500000e+01 -2.20000000e+01
 1.57916667e+01 -2.20000000e+01
 1.58333333e+01 -2.50000000e+01
 1.58750000e+01 -3.40000000e+01
 1.59166667e+01 -4.10000000e+01
 1.59583333e+01 -4.70000000e+01
 1.60000000e+01 -4.90000000e+01
 1.60416667e+01 -4.50000000e+01
 1.60833333e+01 -4.20000000e+01
 1.61250000e+01 -3.70000000e+01
 1.61666667e+01 -3.30000000e+01
 1.62083333e+01 -2.70000000e+01
 1.62500000e+01 -2.20000000e+01
 1.62916667e+01 -2.30000000e+01
 1.63333333e+01 -2.80000000e+01
 1.63750000e+01 -3.30000000e+01
 1.64166667e+01 -3.70000000e+01
 1.64583333e+01 -4.00000000e+01
 1.65000000e+01 -3.40000000e+01
 1.65416667e+01 -2.40000000e+01
 1.65833333e+01 -1.50000000e+01
 1.66250000e+01 -9.00000000e+00
 1.66666667e+01 -6.00000000e+00
 1.67083333e+01 2.00000000e+00
 1.67500000e+01 8.00000000e+00
 1.67916667e+01 1.00000000e+01
 1.68333333e+01 8.00000000e+00
 1.68750000e+01 5.00000000e+00
 1.69166667e+01 -1.00000000e+00
 1.69583333e+01 -5.00000000e+00
 1.70000000e+01 -7.00000000e+00
 1.70416667e+01 -3.00000000e+00
 1.70833333e+01 1.00000000e+00
 1.71250000e+01 3.00000000e+00
 1.71666667e+01 3.00000000e+00
 1.72083333e+01 4.00000000e+00
 1.72500000e+01 5.00000000e+00
 1.72916667e+01 3.00000000e+00
 1.73333333e+01 -2.00000000e+00
 1.73750000e+01 -7.00000000e+00
 1.74166667e+01 -1.30000000e+01
 1.74583333e+01 -1.70000000e+01
 1.75000000e+01 -2.10000000e+01
 1.75416667e+01 -2.00000000e+01
 1.75833333e+01 -1.70000000e+01
 1.76250000e+01 -1.30000000e+01
 1.76666667e+01 -1.20000000e+01
 1.77083333e+01 -1.00000000e+01
 1.77500000e+01 -8.00000000e+00
 1.77916667e+01 -7.00000000e+00
 1.78333333e+01 -9.00000000e+00
 1.78750000e+01 -1.20000000e+01
 1.79166667e+01 -1.60000000e+01
 1.79583333e+01 -2.20000000e+01
 1.80000000e+01 -2.70000000e+01
 1.80416667e+01 -2.80000000e+01
 1.80833333e+01 -2.50000000e+01
 1.81250000e+01 -2.10000000e+01
 1.81666667e+01 -1.90000000e+01
 1.82083333e+01 -1.80000000e+01
 1.82500000e+01 -1.30000000e+01
 1.82916667e+01 -9.00000000e+00
 1.83333333e+01 -9.00000000e+00
 1.83750000e+01 -1.40000000e+01
 1.84166667e+01 -1.80000000e+01
 1.84583333e+01 -2.30000000e+01
 1.85000000e+01 -2.80000000e+01
 1.85416667e+01 -3.00000000e+01
 1.85833333e+01 -2.80000000e+01
 1.86250000e+01 -2.30000000e+01
 1.86666667e+01 -2.20000000e+01
 1.87083333e+01 -2.10000000e+01
 1.87500000e+01 -1.80000000e+01
 1.87916667e+01 -1.50000000e+01
 1.88333333e+01 -1.60000000e+01
 1.88750000e+01 -1.90000000e+01
 1.89166667e+01 -2.10000000e+01
 1.89583333e+01 -2.60000000e+01
 1.90000000e+01 -3.20000000e+01
 1.90416667e+01 -3.50000000e+01
 1.90833333e+01 -3.30000000e+01
 1.91250000e+01 -2.80000000e+01
 1.91666667e+01 -2.40000000e+01
 1.92083333e+01 -2.00000000e+01
 1.92500000e+01 -1.80000000e+01
 1.92916667e+01 -1.40000000e+01
 1.93333333e+01 -1.30000000e+01
 1.93750000e+01 -1.50000000e+01
 1.94166667e+01 -1.90000000e+01
 1.94583333e+01 -2.40000000e+01
 1.95000000e+01 -2.70000000e+01
 1.95416667e+01 -3.10000000e+01
 1.95833333e+01 -3.10000000e+01
 1.96250000e+01 -2.70000000e+01
 1.96666667e+01 -2.30000000e+01
 1.97083333e+01 -2.10000000e+01
 1.97500000e+01 -1.80000000e+01
 1.97916667e+01 -1.40000000e+01
 1.98333333e+01 -1.30000000e+01
 1.98750000e+01 -1.20000000e+01
 1.99166667e+01 -1.40000000e+01
 1.99583333e+01 -1.70000000e+01
 2.00000000e+01 -2.20000000e+01
 2.00416667e+01 -2.60000000e+01
 2.00833333e+01 -2.80000000e+01
 2.01250000e+01 -2.70000000e+01
 2.01666667e+01 -2.30000000e+01
 2.02083333e+01 -2.00000000e+01
 2.02500000e+01 -1.80000000e+01
 2.02916667e+01 -1.30000000e+01
 2.03333333e+01 -7.00000000e+00
 2.03750000e+01 -5.00000000e+00
 2.04166667e+01 -8.00000000e+00
 2.04583333e+01 -1.30000000e+01
 2.05000000e+01 -2.00000000e+01
 2.05416667e+01 -2.70000000e+01
 2.05833333e+01 -3.20000000e+01
 2.06250000e+01 -3.30000000e+01
 2.06666667e+01 -3.20000000e+01
 2.07083333e+01 -3.30000000e+01
 2.07500000e+01 -3.20000000e+01
 2.07916667e+01 -2.90000000e+01
 2.08333333e+01 -2.60000000e+01
 2.08750000e+01 -2.50000000e+01
 2.09166667e+01 -2.60000000e+01
 2.09583333e+01 -2.80000000e+01
 2.10000000e+01 -3.30000000e+01
 2.10416667e+01 -4.00000000e+01
 2.10833333e+01 -4.50000000e+01
 2.11250000e+01 -4.60000000e+01
 2.11666667e+01 -4.30000000e+01
 2.12083333e+01 -4.10000000e+01
 2.12500000e+01 -3.90000000e+01
 2.12916667e+01 -3.50000000e+01
 2.13333333e+01 -2.70000000e+01
 2.13750000e+01 -2.20000000e+01
 2.14166667e+01 -2.00000000e+01
 2.14583333e+01 -2.10000000e+01
 2.15000000e+01 -2.50000000e+01
 2.15416667e+01 -3.00000000e+01
 2.15833333e+01 -3.50000000e+01
 2.16250000e+01 -3.70000000e+01
 2.16666667e+01 -3.60000000e+01
 2.17083333e+01 -3.40000000e+01
 2.17500000e+01 -3.50000000e+01
 2.17916667e+01 -3.20000000e+01
 2.18333333e+01 -2.60000000e+01
 2.18750000e+01 -2.00000000e+01
 2.19166667e+01 -1.60000000e+01
 2.19583333e+01 -1.50000000e+01
 2.20000000e+01 -1.70000000e+01
 2.20416667e+01 -2.20000000e+01
 2.20833333e+01 -2.90000000e+01
 2.21250000e+01 -3.30000000e+01
 2.21666667e+01 -3.60000000e+01
 2.22083333e+01 -3.70000000e+01
 2.22500000e+01 -3.70000000e+01
 2.22916667e+01 -3.50000000e+01
 2.23333333e+01 -2.80000000e+01
 2.23750000e+01 -1.90000000e+01
 2.24166667e+01 -1.50000000e+01
 2.24583333e+01 -1.30000000e+01
 2.25000000e+01 -1.60000000e+01
 2.25416667e+01 -2.40000000e+01
 2.25833333e+01 -3.40000000e+01
 2.26250000e+01 -4.10000000e+01
 2.26666667e+01 -4.60000000e+01
 2.27083333e+01 -4.80000000e+01
 2.27500000e+01 -4.80000000e+01
 2.27916667e+01 -4.50000000e+01
 2.28333333e+01 -3.80000000e+01
 2.28750000e+01 -2.90000000e+01
 2.29166667e+01 -2.30000000e+01
 2.29583333e+01 -2.20000000e+01
 2.30000000e+01 -2.50000000e+01
 2.30416667e+01 -3.20000000e+01
 2.30833333e+01 -4.20000000e+01
 2.31250000e+01 -5.00000000e+01
 2.31666667e+01 -5.30000000e+01
 2.32083333e+01 -5.30000000e+01
 2.32500000e+01 -5.00000000e+01
 2.32916667e+01 -4.50000000e+01
 2.33333333e+01 -3.70000000e+01
 2.33750000e+01 -2.80000000e+01
 2.34166667e+01 -1.90000000e+01
 2.34583333e+01 -1.50000000e+01
 2.35000000e+01 -1.60000000e+01
 2.35416667e+01 -2.20000000e+01
 2.35833333e+01 -3.00000000e+01
 2.36250000e+01 -3.90000000e+01
 2.36666667e+01 -4.30000000e+01
 2.37083333e+01 -4.30000000e+01
 2.37500000e+01 -4.20000000e+01
 2.37916667e+01 -4.00000000e+01
 2.38333333e+01 -3.70000000e+01
 2.38750000e+01 -3.00000000e+01
 2.39166667e+01 -2.40000000e+01
 2.39583333e+01 -1.90000000e+01
 2.40000000e+01 -1.70000000e+01
 2.40416667e+01 -1.90000000e+01
 2.40833333e+01 -2.60000000e+01
 2.41250000e+01 -3.40000000e+01
 2.41666667e+01 -4.30000000e+01
 2.42083333e+01 -4.50000000e+01
 2.42500000e+01 -4.30000000e+01
 2.42916667e+01 -4.00000000e+01
 2.43333333e+01 -3.60000000e+01
 2.43750000e+01 -2.80000000e+01
 2.44166667e+01 -1.70000000e+01
 2.44583333e+01 -7.00000000e+00
 2.45000000e+01 -2.00000000e+00
 2.45416667e+01 -4.00000000e+00
 2.45833333e+01 -1.00000000e+01
 2.46250000e+01 -1.90000000e+01
 2.46666667e+01 -3.00000000e+01
 2.47083333e+01 -3.60000000e+01
 2.47500000e+01 -3.80000000e+01
 2.47916667e+01 -3.80000000e+01
 2.48333333e+01 -3.50000000e+01
 2.48750000e+01 -2.90000000e+01
 2.49166667e+01 -2.10000000e+01
 2.49583333e+01 -1.30000000e+01
 2.50000000e+01 -7.00000000e+00
 2.50416667e+01 -3.00000000e+00
 2.50833333e+01 -7.00000000e+00
 2.51250000e+01 -1.80000000e+01
 2.51666667e+01 -3.00000000e+01
 2.52083333e+01 -4.00000000e+01
 2.52500000e+01 -4.50000000e+01
 2.52916667e+01 -4.30000000e+01
 2.53333333e+01 -3.90000000e+01
 2.53750000e+01 -3.20000000e+01
 2.54166667e+01 -2.30000000e+01
 2.54583333e+01 -1.30000000e+01
 2.55000000e+01 -4.00000000e+00
 2.55416667e+01 0.00000000e+00
 2.55833333e+01 -2.00000000e+00
 2.56250000e+01 -5.00000000e+00
 2.56666667e+01 -1.30000000e+01
 2.57083333e+01 -2.40000000e+01
 2.57500000e+01 -3.10000000e+01
 2.57916667e+01 -3.40000000e+01
 2.58333333e+01 -3.40000000e+01
 2.58750000e+01 -3.10000000e+01
 2.59166667e+01 -2.40000000e+01
 2.59583333e+01 -1.60000000e+01
 2.60000000e+01 -7.00000000e+00
 2.60416667e+01 1.00000000e+00
 2.60833333e+01 6.00000000e+00
 2.61250000e+01 4.00000000e+00
 2.61666667e+01 -3.00000000e+00
 2.62083333e+01 -1.20000000e+01
 2.62500000e+01 -1.90000000e+01
 2.62916667e+01 -2.60000000e+01
 2.63333333e+01 -2.60000000e+01
 2.63750000e+01 -1.80000000e+01
 2.64166667e+01 -8.00000000e+00
 2.64583333e+01 1.00000000e+00
 2.65000000e+01 1.30000000e+01
 2.65416667e+01 2.50000000e+01
 2.65833333e+01 3.20000000e+01
 2.66250000e+01 3.10000000e+01
 2.66666667e+01 2.60000000e+01
 2.67083333e+01 1.30000000e+01
 2.67500000e+01 1.00000000e+00
 2.67916667e+01 -8.00000000e+00
 2.68333333e+01 -1.60000000e+01
 2.68750000e+01 -1.50000000e+01
 2.69166667e+01 -1.40000000e+01
 2.69583333e+01 -9.00000000e+00
 2.70000000e+01 -1.00000000e+00
 2.70416667e+01 6.00000000e+00
 2.70833333e+01 1.00000000e+01
 2.71250000e+01 1.40000000e+01
 2.71666667e+01 1.40000000e+01
 2.72083333e+01 1.10000000e+01
 2.72500000e+01 6.00000000e+00
 2.72916667e+01 2.00000000e+00
 2.73333333e+01 1.00000000e+00
 2.73750000e+01 8.00000000e+00
 2.74166667e+01 1.50000000e+01
 2.74583333e+01 2.60000000e+01
 2.75000000e+01 3.20000000e+01
 2.75416667e+01 3.60000000e+01
 2.75833333e+01 4.00000000e+01
 2.76250000e+01 4.30000000e+01
 2.76666667e+01 4.10000000e+01
 2.77083333e+01 3.90000000e+01
 2.77500000e+01 3.60000000e+01
 2.77916667e+01 3.00000000e+01
 2.78333333e+01 2.60000000e+01
 2.78750000e+01 2.30000000e+01
 2.79166667e+01 2.30000000e+01
 2.79583333e+01 2.60000000e+01
 2.80000000e+01 3.20000000e+01
 2.80416667e+01 3.50000000e+01
 2.80833333e+01 3.90000000e+01
 2.81250000e+01 4.10000000e+01
 2.81666667e+01 3.70000000e+01
 2.82083333e+01 3.00000000e+01
 2.82500000e+01 2.10000000e+01
 2.82916667e+01 1.30000000e+01
 2.83333333e+01 3.00000000e+00
 2.83750000e+01 -2.00000000e+00
 2.84166667e+01 -7.00000000e+00
 2.84583333e+01 -8.00000000e+00
 2.85000000e+01 -6.00000000e+00
 2.85416667e+01 -2.00000000e+00
 2.85833333e+01 2.00000000e+00
 2.86250000e+01 7.00000000e+00
 2.86666667e+01 9.00000000e+00
 2.87083333e+01 7.00000000e+00
 2.87500000e+01 -2.00000000e+00
 2.87916667e+01 -1.00000000e+01
 2.88333333e+01 -2.10000000e+01
 2.88750000e+01 -2.80000000e+01
 2.89166667e+01 -3.00000000e+01
 2.89583333e+01 -2.60000000e+01
 2.90000000e+01 -1.80000000e+01
 2.90416667e+01 -9.00000000e+00
 2.90833333e+01 -2.00000000e+00
 2.91250000e+01 5.00000000e+00
 2.91666667e+01 1.10000000e+01
 2.92083333e+01 1.20000000e+01
 2.92500000e+01 6.00000000e+00
 2.92916667e+01 0.00000000e+00
 2.93333333e+01 -7.00000000e+00
 2.93750000e+01 -1.20000000e+01
 2.94166667e+01 -1.60000000e+01
 2.94583333e+01 -1.40000000e+01
 2.95000000e+01 -7.00000000e+00
 2.95416667e+01 2.00000000e+00
 2.95833333e+01 8.00000000e+00
 2.96250000e+01 1.40000000e+01
 2.96666667e+01 1.80000000e+01
 2.97083333e+01 1.70000000e+01
 2.97500000e+01 1.20000000e+01
 2.97916667e+01 4.00000000e+00
 2.98333333e+01 -5.00000000e+00
 2.98750000e+01 -1.30000000e+01
 2.99166667e+01 -1.80000000e+01
 2.99583333e+01 -1.80000000e+01
 3.00000000e+01 -1.30000000e+01
 3.00416667e+01 -6.00000000e+00
 3.00833333e+01 -1.00000000e+00
 3.01250000e+01 2.00000000e+00
 3.01666667e+01 6.00000000e+00
 3.02083333e+01 9.00000000e+00
 3.02500000e+01 5.00000000e+00
 3.02916667e+01 -3.00000000e+00
 3.03333333e+01 -9.00000000e+00
 3.03750000e+01 -1.60000000e+01
 3.04166667e+01 -1.90000000e+01
 3.04583333e+01 -2.20000000e+01
 3.05000000e+01 -1.80000000e+01
 3.05416667e+01 -1.00000000e+01
 3.05833333e+01 -3.00000000e+00
 3.06250000e+01 3.00000000e+00
 3.06666667e+01 7.00000000e+00
 3.07083333e+01 1.10000000e+01
 3.07500000e+01 1.10000000e+01
 3.07916667e+01 3.00000000e+00
 3.08333333e+01 -5.00000000e+00
 3.08750000e+01 -1.30000000e+01
 3.09166667e+01 -2.00000000e+01
 3.09583333e+01 -2.40000000e+01
 3.10000000e+01 -1.90000000e+01
 3.10416667e+01 -1.20000000e+01
 3.10833333e+01 -4.00000000e+00
 3.11250000e+01 0.00000000e+00
 3.11666667e+01 3.00000000e+00
 3.12083333e+01 8.00000000e+00
 3.12500000e+01 8.00000000e+00
 3.12916667e+01 -1.00000000e+00
 3.13333333e+01 -1.00000000e+01
 3.13750000e+01 -1.70000000e+01
 3.14166667e+01 -2.30000000e+01
 3.14583333e+01 -2.60000000e+01
 3.15000000e+01 -2.50000000e+01
 3.15416667e+01 -1.80000000e+01
 3.15833333e+01 -1.00000000e+01
 3.16250000e+01 -2.00000000e+00
 3.16666667e+01 2.00000000e+00
 3.17083333e+01 7.00000000e+00
 3.17500000e+01 1.00000000e+01
 3.17916667e+01 8.00000000e+00
 3.18333333e+01 2.00000000e+00
 3.18750000e+01 -6.00000000e+00
 3.19166667e+01 -1.20000000e+01
 3.19583333e+01 -1.90000000e+01
 3.20000000e+01 -2.40000000e+01
 3.20416667e+01 -2.00000000e+01
 3.20833333e+01 -1.30000000e+01
 3.21250000e+01 -5.00000000e+00
 3.21666667e+01 -1.00000000e+00
 3.22083333e+01 3.00000000e+00
 3.22500000e+01 9.00000000e+00
 3.22916667e+01 6.00000000e+00
 3.23333333e+01 -4.00000000e+00
 3.23750000e+01 -1.60000000e+01
 3.24166667e+01 -2.70000000e+01
 3.24583333e+01 -3.50000000e+01
 3.25000000e+01 -4.00000000e+01
 3.25416667e+01 -3.80000000e+01
 3.25833333e+01 -3.30000000e+01
 3.26250000e+01 -2.40000000e+01
 3.26666667e+01 -2.00000000e+01
 3.27083333e+01 -1.10000000e+01
 3.27500000e+01 -2.00000000e+00
 3.27916667e+01 5.00000000e+00
 3.28333333e+01 2.00000000e+00
 3.28750000e+01 -6.00000000e+00
 3.29166667e+01 -1.50000000e+01
 3.29583333e+01 -2.00000000e+01
 3.30000000e+01 -1.90000000e+01
 3.30416667e+01 -1.10000000e+01
 3.30833333e+01 4.00000000e+00
 3.31250000e+01 1.90000000e+01
 3.31666667e+01 3.00000000e+01
 3.32083333e+01 3.20000000e+01
 3.32500000e+01 3.50000000e+01
 3.32916667e+01 3.50000000e+01
 3.33333333e+01 2.90000000e+01
 3.33750000e+01 1.70000000e+01
 3.34166667e+01 7.00000000e+00
 3.34583333e+01 1.00000000e+00
 3.35000000e+01 -6.00000000e+00
 3.35416667e+01 -1.00000000e+01
 3.35833333e+01 -8.00000000e+00
 3.36250000e+01 -3.00000000e+00
 3.36666667e+01 0.00000000e+00
 3.37083333e+01 3.00000000e+00
 3.37500000e+01 8.00000000e+00
 3.37916667e+01 1.40000000e+01
 3.38333333e+01 1.50000000e+01
 3.38750000e+01 1.00000000e+01
 3.39166667e+01 2.00000000e+00
 3.39583333e+01 -4.00000000e+00
 3.40000000e+01 -1.00000000e+01
 3.40416667e+01 -1.60000000e+01
 3.40833333e+01 -1.70000000e+01
 3.41250000e+01 -1.30000000e+01
 3.41666667e+01 -8.00000000e+00
 3.42083333e+01 -5.00000000e+00
 3.42500000e+01 -2.00000000e+00
 3.42916667e+01 3.00000000e+00
 3.43333333e+01 5.00000000e+00
 3.43750000e+01 3.00000000e+00
 3.44166667e+01 -3.00000000e+00
 3.44583333e+01 -1.10000000e+01
 3.45000000e+01 -1.90000000e+01
 3.45416667e+01 -2.70000000e+01
 3.45833333e+01 -3.30000000e+01
 3.46250000e+01 -3.30000000e+01
 3.46666667e+01 -3.10000000e+01
 3.47083333e+01 -2.90000000e+01
 3.47500000e+01 -2.90000000e+01
 3.47916667e+01 -2.60000000e+01
 3.48333333e+01 -2.00000000e+01
 3.48750000e+01 -1.80000000e+01
 3.49166667e+01 -2.00000000e+01
 3.49583333e+01 -2.10000000e+01
 3.50000000e+01 -2.60000000e+01
 3.50416667e+01 -3.30000000e+01
 3.50833333e+01 -3.90000000e+01
 3.51250000e+01 -4.10000000e+01
 3.51666667e+01 -3.90000000e+01
 3.52083333e+01 -3.60000000e+01
 3.52500000e+01 -3.50000000e+01
 3.52916667e+01 -3.10000000e+01
 3.53333333e+01 -2.30000000e+01
 3.53750000e+01 -1.60000000e+01
 3.54166667e+01 -1.60000000e+01
 3.54583333e+01 -1.80000000e+01
 3.55000000e+01 -2.40000000e+01
 3.55416667e+01 -3.30000000e+01
 3.55833333e+01 -4.30000000e+01
 3.56250000e+01 -4.60000000e+01
 3.56666667e+01 -4.70000000e+01
 3.57083333e+01 -4.90000000e+01
 3.57500000e+01 -4.60000000e+01
 3.57916667e+01 -4.30000000e+01
 3.58333333e+01 -3.50000000e+01
 3.58750000e+01 -2.80000000e+01
 3.59166667e+01 -1.90000000e+01
 3.59583333e+01 -1.60000000e+01
 3.60000000e+01 -1.70000000e+01
 3.60416667e+01 -2.50000000e+01
 3.60833333e+01 -3.40000000e+01
 3.61250000e+01 -4.20000000e+01
 3.61666667e+01 -4.30000000e+01
 3.62083333e+01 -4.10000000e+01
 3.62500000e+01 -3.70000000e+01
 3.62916667e+01 -3.10000000e+01
 3.63333333e+01 -2.30000000e+01
 3.63750000e+01 -1.30000000e+01
 3.64166667e+01 -6.00000000e+00
 3.64583333e+01 -5.00000000e+00
 3.65000000e+01 -1.00000000e+01
 3.65416667e+01 -1.60000000e+01
 3.65833333e+01 -2.50000000e+01
 3.66250000e+01 -3.20000000e+01
 3.66666667e+01 -3.50000000e+01
 3.67083333e+01 -3.70000000e+01
 3.67500000e+01 -3.60000000e+01
 3.67916667e+01 -3.20000000e+01
 3.68333333e+01 -2.80000000e+01
 3.68750000e+01 -2.10000000e+01
 3.69166667e+01 -1.50000000e+01
 3.69583333e+01 -1.20000000e+01
 3.70000000e+01 -1.30000000e+01
 3.70416667e+01 -1.70000000e+01
 3.70833333e+01 -2.50000000e+01
 3.71250000e+01 -3.40000000e+01
 3.71666667e+01 -4.20000000e+01
 3.72083333e+01 -4.50000000e+01
 3.72500000e+01 -4.70000000e+01
 3.72916667e+01 -4.40000000e+01
 3.73333333e+01 -4.10000000e+01
 3.73750000e+01 -3.40000000e+01
 3.74166667e+01 -2.50000000e+01
 3.74583333e+01 -1.60000000e+01
 3.75000000e+01 -1.40000000e+01
 3.75416667e+01 -1.40000000e+01
 3.75833333e+01 -2.10000000e+01
 3.76250000e+01 -2.90000000e+01
 3.76666667e+01 -4.00000000e+01
 3.77083333e+01 -4.60000000e+01
 3.77500000e+01 -4.90000000e+01
 3.77916667e+01 -4.70000000e+01
 3.78333333e+01 -4.50000000e+01
 3.78750000e+01 -3.90000000e+01
 3.79166667e+01 -2.90000000e+01
 3.79583333e+01 -1.80000000e+01
 3.80000000e+01 -1.20000000e+01
 3.80416667e+01 -1.00000000e+01
 3.80833333e+01 -1.40000000e+01
 3.81250000e+01 -2.30000000e+01
 3.81666667e+01 -3.40000000e+01
 3.82083333e+01 -4.20000000e+01
 3.82500000e+01 -4.50000000e+01
 3.82916667e+01 -4.40000000e+01
 3.83333333e+01 -3.90000000e+01
 3.83750000e+01 -3.20000000e+01
 3.84166667e+01 -2.10000000e+01
 3.84583333e+01 -8.00000000e+00
 3.85000000e+01 2.00000000e+00
 3.85416667e+01 9.00000000e+00
 3.85833333e+01 9.00000000e+00
 3.86250000e+01 3.00000000e+00
 3.86666667e+01 -8.00000000e+00
 3.87083333e+01 -1.90000000e+01
 3.87500000e+01 -2.50000000e+01
 3.87916667e+01 -2.70000000e+01
 3.88333333e+01 -2.60000000e+01
 3.88750000e+01 -2.30000000e+01
 3.89166667e+01 -1.60000000e+01
 3.89583333e+01 -6.00000000e+00
 3.90000000e+01 3.00000000e+00
 3.90416667e+01 1.00000000e+01
 3.90833333e+01 1.20000000e+01
 3.91250000e+01 8.00000000e+00
 3.91666667e+01 -2.00000000e+00
 3.92083333e+01 -1.20000000e+01
 3.92500000e+01 -2.10000000e+01
 3.92916667e+01 -2.60000000e+01
 3.93333333e+01 -2.70000000e+01
 3.93750000e+01 -2.30000000e+01
 3.94166667e+01 -1.70000000e+01
 3.94583333e+01 -9.00000000e+00
 3.95000000e+01 1.00000000e+00
 3.95416667e+01 1.00000000e+01
 3.95833333e+01 1.40000000e+01
 3.96250000e+01 1.30000000e+01
 3.96666667e+01 5.00000000e+00
 3.97083333e+01 -3.00000000e+00
 3.97500000e+01 -1.50000000e+01
 3.97916667e+01 -2.40000000e+01
 3.98333333e+01 -2.90000000e+01
 3.98750000e+01 -3.10000000e+01
 3.99166667e+01 -2.80000000e+01
 3.99583333e+01 -2.30000000e+01
 4.00000000e+01 -1.60000000e+01
 4.00416667e+01 -8.00000000e+00
 4.00833333e+01 -3.00000000e+00
 4.01250000e+01 -3.00000000e+00
 4.01666667e+01 -7.00000000e+00
 4.02083333e+01 -1.50000000e+01
 4.02500000e+01 -2.50000000e+01
 4.02916667e+01 -3.40000000e+01
 4.03333333e+01 -3.90000000e+01
 4.03750000e+01 -4.10000000e+01
 4.04166667e+01 -3.60000000e+01
 4.04583333e+01 -3.00000000e+01
 4.05000000e+01 -2.30000000e+01
 4.05416667e+01 -1.50000000e+01
 4.05833333e+01 -8.00000000e+00
 4.06250000e+01 -4.00000000e+00
 4.06666667e+01 -4.00000000e+00
 4.07083333e+01 -9.00000000e+00
 4.07500000e+01 -1.60000000e+01
 4.07916667e+01 -2.50000000e+01
 4.08333333e+01 -3.20000000e+01
 4.08750000e+01 -3.50000000e+01
 4.09166667e+01 -3.40000000e+01
 4.09583333e+01 -3.00000000e+01
 4.10000000e+01 -2.60000000e+01
 4.10416667e+01 -2.00000000e+01
 4.10833333e+01 -1.60000000e+01
 4.11250000e+01 -1.20000000e+01
 4.11666667e+01 -1.10000000e+01
 4.12083333e+01 -1.40000000e+01
 4.12500000e+01 -2.00000000e+01
 4.12916667e+01 -2.70000000e+01
 4.13333333e+01 -3.20000000e+01
 4.13750000e+01 -3.50000000e+01
 4.14166667e+01 -3.50000000e+01
 4.14583333e+01 -3.10000000e+01
 4.15000000e+01 -2.40000000e+01
 4.15416667e+01 -1.90000000e+01
 4.15833333e+01 -1.30000000e+01
 4.16250000e+01 -1.00000000e+01
 4.16666667e+01 -7.00000000e+00
 4.17083333e+01 -8.00000000e+00
 4.17500000e+01 -1.10000000e+01
 4.17916667e+01 -1.70000000e+01
 4.18333333e+01 -2.40000000e+01
 4.18750000e+01 -2.60000000e+01
 4.19166667e+01 -2.90000000e+01
 4.19583333e+01 -2.60000000e+01
 4.20000000e+01 -2.10000000e+01
 4.20416667e+01 -1.70000000e+01
 4.20833333e+01 -1.50000000e+01
 4.21250000e+01 -1.30000000e+01
 4.21666667e+01 -1.00000000e+01
 4.22083333e+01 -1.10000000e+01
 4.22500000e+01 -1.50000000e+01
 4.22916667e+01 -2.00000000e+01
 4.23333333e+01 -2.50000000e+01
 4.23750000e+01 -3.10000000e+01
 4.24166667e+01 -3.50000000e+01
 4.24583333e+01 -3.70000000e+01
 4.25000000e+01 -3.30000000e+01
 4.25416667e+01 -2.80000000e+01
 4.25833333e+01 -2.40000000e+01
 4.26250000e+01 -2.10000000e+01
 4.26666667e+01 -1.90000000e+01
 4.27083333e+01 -1.60000000e+01
 4.27500000e+01 -1.70000000e+01
 4.27916667e+01 -1.90000000e+01
 4.28333333e+01 -2.30000000e+01
 4.28750000e+01 -2.90000000e+01
 4.29166667e+01 -3.40000000e+01
 4.29583333e+01 -3.30000000e+01
 4.30000000e+01 -2.90000000e+01
 4.30416667e+01 -2.50000000e+01
 4.30833333e+01 -2.30000000e+01
 4.31250000e+01 -2.30000000e+01
 4.31666667e+01 -2.10000000e+01
 4.32083333e+01 -2.10000000e+01
 4.32500000e+01 -2.40000000e+01
 4.32916667e+01 -2.80000000e+01
 4.33333333e+01 -3.30000000e+01
 4.33750000e+01 -3.80000000e+01
 4.34166667e+01 -4.30000000e+01
 4.34583333e+01 -4.60000000e+01
 4.35000000e+01 -4.30000000e+01
 4.35416667e+01 -3.80000000e+01
 4.35833333e+01 -3.20000000e+01
 4.36250000e+01 -3.00000000e+01
 4.36666667e+01 -2.70000000e+01
 4.37083333e+01 -2.30000000e+01
 4.37500000e+01 -2.20000000e+01
 4.37916667e+01 -2.30000000e+01
 4.38333333e+01 -2.30000000e+01
 4.38750000e+01 -2.70000000e+01
 4.39166667e+01 -3.10000000e+01
 4.39583333e+01 -3.30000000e+01
 4.40000000e+01 -2.90000000e+01
 4.40416667e+01 -2.50000000e+01
 4.40833333e+01 -2.10000000e+01
 4.41250000e+01 -2.00000000e+01
 4.41666667e+01 -1.70000000e+01
 4.42083333e+01 -1.40000000e+01
 4.42500000e+01 -1.30000000e+01
 4.42916667e+01 -1.60000000e+01
 4.43333333e+01 -2.10000000e+01
 4.43750000e+01 -2.50000000e+01
 4.44166667e+01 -3.00000000e+01
 4.44583333e+01 -3.30000000e+01
 4.45000000e+01 -3.30000000e+01
 4.45416667e+01 -2.90000000e+01
 4.45833333e+01 -2.60000000e+01
 4.46250000e+01 -2.30000000e+01
 4.46666667e+01 -2.00000000e+01
 4.47083333e+01 -1.70000000e+01
 4.47500000e+01 -1.50000000e+01
 4.47916667e+01 -1.60000000e+01
 4.48333333e+01 -1.80000000e+01
 4.48750000e+01 -2.20000000e+01
 4.49166667e+01 -2.60000000e+01
 4.49583333e+01 -3.00000000e+01
 4.50000000e+01 -2.90000000e+01
 4.50416667e+01 -2.50000000e+01
 4.50833333e+01 -2.00000000e+01
 4.51250000e+01 -1.80000000e+01
 4.51666667e+01 -1.60000000e+01
 4.52083333e+01 -1.10000000e+01
 4.52500000e+01 -9.00000000e+00
 4.52916667e+01 -1.10000000e+01
 4.53333333e+01 -1.60000000e+01
 4.53750000e+01 -2.10000000e+01
 4.54166667e+01 -2.50000000e+01
 4.54583333e+01 -3.00000000e+01
 4.55000000e+01 -3.10000000e+01
 4.55416667e+01 -2.80000000e+01
 4.55833333e+01 -2.40000000e+01
 4.56250000e+01 -2.20000000e+01
 4.56666667e+01 -2.00000000e+01
 4.57083333e+01 -1.60000000e+01
 4.57500000e+01 -1.30000000e+01
 4.57916667e+01 -1.50000000e+01
 4.58333333e+01 -1.70000000e+01
 4.58750000e+01 -2.00000000e+01
 4.59166667e+01 -2.60000000e+01
 4.59583333e+01 -3.10000000e+01
 4.60000000e+01 -3.40000000e+01
 4.60416667e+01 -3.00000000e+01
 4.60833333e+01 -2.60000000e+01
 4.61250000e+01 -2.20000000e+01
 4.61666667e+01 -2.10000000e+01
 4.62083333e+01 -1.90000000e+01
 4.62500000e+01 -1.60000000e+01
 4.62916667e+01 -1.70000000e+01
 4.63333333e+01 -2.20000000e+01
 4.63750000e+01 -2.60000000e+01
 4.64166667e+01 -3.10000000e+01
 4.64583333e+01 -3.60000000e+01
 4.65000000e+01 -3.80000000e+01
 4.65416667e+01 -3.50000000e+01
 4.65833333e+01 -3.10000000e+01
 4.66250000e+01 -2.80000000e+01
 4.66666667e+01 -2.70000000e+01
 4.67083333e+01 -2.40000000e+01
 4.67500000e+01 -2.00000000e+01
 4.67916667e+01 -1.80000000e+01
 4.68333333e+01 -2.00000000e+01
 4.68750000e+01 -2.20000000e+01
 4.69166667e+01 -2.80000000e+01
 4.69583333e+01 -3.20000000e+01
 4.70000000e+01 -3.30000000e+01
 4.70416667e+01 -3.00000000e+01
 4.70833333e+01 -2.60000000e+01
 4.71250000e+01 -2.30000000e+01
 4.71666667e+01 -2.20000000e+01
 4.72083333e+01 -1.80000000e+01
 4.72500000e+01 -1.40000000e+01
 4.72916667e+01 -1.50000000e+01
 4.73333333e+01 -2.00000000e+01
 4.73750000e+01 -2.70000000e+01
 4.74166667e+01 -3.40000000e+01
 4.74583333e+01 -3.90000000e+01
 4.75000000e+01 -4.10000000e+01
 4.75416667e+01 -3.90000000e+01
 4.75833333e+01 -3.40000000e+01
 4.76250000e+01 -2.80000000e+01
 4.76666667e+01 -2.60000000e+01
 4.77083333e+01 -2.50000000e+01
 4.77500000e+01 -2.20000000e+01
 4.77916667e+01 -2.20000000e+01
 4.78333333e+01 -2.40000000e+01
 4.78750000e+01 -2.90000000e+01
 4.79166667e+01 -3.20000000e+01
 4.79583333e+01 -3.70000000e+01
 4.80000000e+01 -4.00000000e+01
 4.80416667e+01 -3.90000000e+01
 4.80833333e+01 -3.60000000e+01
 4.81250000e+01 -3.10000000e+01
 4.81666667e+01 -2.70000000e+01
 4.82083333e+01 -2.50000000e+01
 4.82500000e+01 -2.10000000e+01
 4.82916667e+01 -1.90000000e+01
 4.83333333e+01 -1.80000000e+01
 4.83750000e+01 -2.20000000e+01
 4.84166667e+01 -2.60000000e+01
 4.84583333e+01 -3.30000000e+01
 4.85000000e+01 -3.60000000e+01
 4.85416667e+01 -3.90000000e+01
 4.85833333e+01 -3.60000000e+01
 4.86250000e+01 -2.90000000e+01
 4.86666667e+01 -2.80000000e+01
 4.87083333e+01 -2.40000000e+01
 4.87500000e+01 -2.00000000e+01
 4.87916667e+01 -1.40000000e+01
 4.88333333e+01 -1.20000000e+01
 4.88750000e+01 -1.40000000e+01
 4.89166667e+01 -1.60000000e+01
 4.89583333e+01 -1.90000000e+01
 4.90000000e+01 -2.30000000e+01
 4.90416667e+01 -2.50000000e+01
 4.90833333e+01 -2.30000000e+01
 4.91250000e+01 -1.80000000e+01
 4.91666667e+01 -1.40000000e+01
 4.92083333e+01 -1.30000000e+01
 4.92500000e+01 -9.00000000e+00
 4.92916667e+01 -2.00000000e+00
 4.93333333e+01 2.00000000e+00
 4.93750000e+01 -1.00000000e+00
 4.94166667e+01 -5.00000000e+00
 4.94583333e+01 -1.10000000e+01
 4.95000000e+01 -1.80000000e+01
 4.95416667e+01 -2.40000000e+01
 4.95833333e+01 -2.60000000e+01
 4.96250000e+01 -2.50000000e+01
 4.96666667e+01 -2.30000000e+01
 4.97083333e+01 -2.00000000e+01
 4.97500000e+01 -1.60000000e+01
 4.97916667e+01 -1.10000000e+01
 4.98333333e+01 -6.00000000e+00
 4.98750000e+01 -8.00000000e+00
 4.99166667e+01 -1.10000000e+01
 4.99583333e+01 -1.70000000e+01
 5.00000000e+01 -2.30000000e+01
 5.00416667e+01 -3.00000000e+01
 5.00833333e+01 -3.20000000e+01
 5.01250000e+01 -2.90000000e+01
 5.01666667e+01 -2.50000000e+01
 5.02083333e+01 -2.10000000e+01
 5.02500000e+01 -1.70000000e+01
 5.02916667e+01 -1.10000000e+01
 5.03333333e+01 -4.00000000e+00
 5.03750000e+01 -5.00000000e+00
 5.04166667e+01 -1.10000000e+01
 5.04583333e+01 -1.80000000e+01
 5.05000000e+01 -2.40000000e+01
 5.05416667e+01 -2.60000000e+01
 5.05833333e+01 -2.80000000e+01
 5.06250000e+01 -2.40000000e+01
 5.06666667e+01 -1.90000000e+01
 5.07083333e+01 -1.70000000e+01
 5.07500000e+01 -1.30000000e+01
 5.07916667e+01 -1.20000000e+01
 5.08333333e+01 -7.00000000e+00
 5.08750000e+01 -9.00000000e+00
 5.09166667e+01 -1.50000000e+01
 5.09583333e+01 -1.80000000e+01
 5.10000000e+01 -2.40000000e+01
 5.10416667e+01 -2.50000000e+01
 5.10833333e+01 -2.80000000e+01
 5.11250000e+01 -2.50000000e+01
 5.11666667e+01 -2.30000000e+01
 5.12083333e+01 -1.80000000e+01
 5.12500000e+01 -1.80000000e+01
 5.12916667e+01 -1.80000000e+01
 5.13333333e+01 -1.30000000e+01
 5.13750000e+01 -1.20000000e+01
 5.14166667e+01 -1.30000000e+01
 5.14583333e+01 -1.40000000e+01
 5.15000000e+01 -1.80000000e+01
 5.15416667e+01 -2.20000000e+01
 5.15833333e+01 -2.70000000e+01
 5.16250000e+01 -3.00000000e+01
 5.16666667e+01 -3.20000000e+01
 5.17083333e+01 -3.40000000e+01
 5.17500000e+01 -3.30000000e+01
 5.17916667e+01 -3.00000000e+01
 5.18333333e+01 -2.40000000e+01
 5.18750000e+01 -1.70000000e+01
 5.19166667e+01 -1.40000000e+01
 5.19583333e+01 -1.30000000e+01
 5.20000000e+01 -1.70000000e+01
 5.20416667e+01 -2.40000000e+01
 5.20833333e+01 -3.20000000e+01
 5.21250000e+01 -3.80000000e+01
 5.21666667e+01 -3.80000000e+01
 5.22083333e+01 -3.90000000e+01
 5.22500000e+01 -3.80000000e+01
 5.22916667e+01 -3.50000000e+01
 5.23333333e+01 -2.80000000e+01
 5.23750000e+01 -1.70000000e+01
 5.24166667e+01 -8.00000000e+00
 5.24583333e+01 -5.00000000e+00
 5.25000000e+01 -3.00000000e+00
 5.25416667e+01 -8.00000000e+00
 5.25833333e+01 -1.40000000e+01
 5.26250000e+01 -1.90000000e+01
 5.26666667e+01 -1.90000000e+01
 5.27083333e+01 -1.90000000e+01
 5.27500000e+01 -1.90000000e+01
 5.27916667e+01 -1.80000000e+01
 5.28333333e+01 -1.10000000e+01
 5.28750000e+01 -4.00000000e+00
 5.29166667e+01 2.00000000e+00
 5.29583333e+01 5.00000000e+00
 5.30000000e+01 6.00000000e+00
 5.30416667e+01 1.00000000e+00
 5.30833333e+01 -7.00000000e+00
 5.31250000e+01 -1.50000000e+01
 5.31666667e+01 -1.90000000e+01
 5.32083333e+01 -2.10000000e+01
 5.32500000e+01 -2.10000000e+01
 5.32916667e+01 -1.80000000e+01
 5.33333333e+01 -1.10000000e+01
 5.33750000e+01 0.00000000e+00
 5.34166667e+01 1.00000000e+01
 5.34583333e+01 1.90000000e+01
 5.35000000e+01 2.40000000e+01
 5.35416667e+01 2.30000000e+01
 5.35833333e+01 1.70000000e+01
 5.36250000e+01 6.00000000e+00
 5.36666667e+01 -2.00000000e+00
 5.37083333e+01 -6.00000000e+00
 5.37500000e+01 -9.00000000e+00
 5.37916667e+01 -9.00000000e+00
 5.38333333e+01 -4.00000000e+00
 5.38750000e+01 4.00000000e+00
 5.39166667e+01 1.20000000e+01
 5.39583333e+01 1.80000000e+01
 5.40000000e+01 2.10000000e+01
 5.40416667e+01 1.90000000e+01
 5.40833333e+01 1.20000000e+01
 5.41250000e+01 2.00000000e+00
 5.41666667e+01 -8.00000000e+00
 5.42083333e+01 -1.60000000e+01
 5.42500000e+01 -2.00000000e+01
 5.42916667e+01 -1.90000000e+01
 5.43333333e+01 -1.60000000e+01
 5.43750000e+01 -1.00000000e+01
 5.44166667e+01 0.00000000e+00
 5.44583333e+01 1.00000000e+01
 5.45000000e+01 1.70000000e+01
 5.45416667e+01 1.70000000e+01
 5.45833333e+01 1.20000000e+01
 5.46250000e+01 3.00000000e+00
 5.46666667e+01 -1.20000000e+01
 5.47083333e+01 -2.20000000e+01
 5.47500000e+01 -2.80000000e+01
 5.47916667e+01 -2.90000000e+01
 5.48333333e+01 -3.00000000e+01
 5.48750000e+01 -2.80000000e+01
 5.49166667e+01 -2.30000000e+01
 5.49583333e+01 -1.50000000e+01
 5.50000000e+01 -6.00000000e+00
 5.50416667e+01 0.00000000e+00
 5.50833333e+01 -2.00000000e+00
 5.51250000e+01 -9.00000000e+00
 5.51666667e+01 -2.10000000e+01
 5.52083333e+01 -2.90000000e+01
 5.52500000e+01 -3.90000000e+01
 5.52916667e+01 -4.30000000e+01
 5.53333333e+01 -4.30000000e+01
 5.53750000e+01 -3.80000000e+01
 5.54166667e+01 -3.30000000e+01
 5.54583333e+01 -2.30000000e+01
 5.55000000e+01 -1.10000000e+01
 5.55416667e+01 -1.00000000e+00
 5.55833333e+01 5.00000000e+00
 5.56250000e+01 3.00000000e+00
 5.56666667e+01 -6.00000000e+00
 5.57083333e+01 -1.60000000e+01
 5.57500000e+01 -2.50000000e+01
 5.57916667e+01 -3.10000000e+01
 5.58333333e+01 -2.90000000e+01
 5.58750000e+01 -2.50000000e+01
 5.59166667e+01 -2.30000000e+01
 5.59583333e+01 -1.70000000e+01
 5.60000000e+01 -9.00000000e+00
 5.60416667e+01 1.00000000e+00
 5.60833333e+01 4.00000000e+00
 5.61250000e+01 1.00000000e+00
 5.61666667e+01 -7.00000000e+00
 5.62083333e+01 -1.70000000e+01
 5.62500000e+01 -2.80000000e+01
 5.62916667e+01 -3.50000000e+01
 5.63333333e+01 -3.90000000e+01
 5.63750000e+01 -3.60000000e+01
 5.64166667e+01 -3.20000000e+01
 5.64583333e+01 -2.50000000e+01
 5.65000000e+01 -1.80000000e+01
 5.65416667e+01 -9.00000000e+00
 5.65833333e+01 -1.00000000e+00
 5.66250000e+01 3.00000000e+00
 5.66666667e+01 -1.00000000e+00
 5.67083333e+01 -6.00000000e+00
 5.67500000e+01 -1.60000000e+01
 5.67916667e+01 -2.40000000e+01
 5.68333333e+01 -2.70000000e+01
 5.68750000e+01 -2.50000000e+01
 5.69166667e+01 -2.00000000e+01
 5.69583333e+01 -1.50000000e+01
 5.70000000e+01 -1.00000000e+01
 5.70416667e+01 -3.00000000e+00
 5.70833333e+01 5.00000000e+00
 5.71250000e+01 1.20000000e+01
 5.71666667e+01 1.30000000e+01
 5.72083333e+01 8.00000000e+00
 5.72500000e+01 1.00000000e+00
 5.72916667e+01 -6.00000000e+00
 5.73333333e+01 -1.30000000e+01
 5.73750000e+01 -1.20000000e+01
 5.74166667e+01 -7.00000000e+00
 5.74583333e+01 0.00000000e+00
 5.75000000e+01 7.00000000e+00
 5.75416667e+01 1.50000000e+01
 5.75833333e+01 2.20000000e+01
 5.76250000e+01 2.70000000e+01
 5.76666667e+01 2.80000000e+01
 5.77083333e+01 2.30000000e+01
 5.77500000e+01 1.30000000e+01
 5.77916667e+01 3.00000000e+00
 5.78333333e+01 -6.00000000e+00
 5.78750000e+01 -8.00000000e+00
 5.79166667e+01 -4.00000000e+00
 5.79583333e+01 3.00000000e+00
 5.80000000e+01 9.00000000e+00
 5.80416667e+01 1.20000000e+01
 5.80833333e+01 1.70000000e+01
 5.81250000e+01 2.00000000e+01
 5.81666667e+01 1.80000000e+01
 5.82083333e+01 1.00000000e+01
 5.82500000e+01 0.00000000e+00
 5.82916667e+01 -1.20000000e+01
 5.83333333e+01 -2.10000000e+01
 5.83750000e+01 -2.50000000e+01
 5.84166667e+01 -2.60000000e+01
 5.84583333e+01 -2.40000000e+01
 5.85000000e+01 -1.70000000e+01
 5.85416667e+01 -1.10000000e+01
 5.85833333e+01 -7.00000000e+00
 5.86250000e+01 -3.00000000e+00
 5.86666667e+01 0.00000000e+00
 5.87083333e+01 1.00000000e+00
 5.87500000e+01 -5.00000000e+00
 5.87916667e+01 -1.00000000e+01
 5.88333333e+01 -1.50000000e+01
 5.88750000e+01 -2.10000000e+01
 5.89166667e+01 -2.30000000e+01
 5.89583333e+01 -1.90000000e+01
 5.90000000e+01 -1.00000000e+01
 5.90416667e+01 1.00000000e+00
 5.90833333e+01 9.00000000e+00
 5.91250000e+01 1.70000000e+01
 5.91666667e+01 2.50000000e+01
 5.92083333e+01 3.10000000e+01
 5.92500000e+01 2.90000000e+01
 5.92916667e+01 2.30000000e+01
 5.93333333e+01 1.60000000e+01
 5.93750000e+01 1.00000000e+01
 5.94166667e+01 6.00000000e+00
 5.94583333e+01 6.00000000e+00
 5.95000000e+01 1.20000000e+01
 5.95416667e+01 1.80000000e+01
 5.95833333e+01 2.10000000e+01
 5.96250000e+01 2.30000000e+01
 5.96666667e+01 2.60000000e+01
 5.97083333e+01 2.70000000e+01
 5.97500000e+01 2.10000000e+01
 5.97916667e+01 1.20000000e+01
 5.98333333e+01 5.00000000e+00
 5.98750000e+01 -2.00000000e+00
 5.99166667e+01 -7.00000000e+00
 5.99583333e+01 -1.00000000e+01
 6.00000000e+01 -6.00000000e+00
 6.00416667e+01 0.00000000e+00
 6.00833333e+01 6.00000000e+00
 6.01250000e+01 8.00000000e+00
 6.01666667e+01 1.00000000e+01
 6.02083333e+01 1.00000000e+01
 6.02500000e+01 4.00000000e+00
 6.02916667e+01 -8.00000000e+00
 6.03333333e+01 -2.10000000e+01
 6.03750000e+01 -3.00000000e+01
 6.04166667e+01 -3.70000000e+01
 6.04583333e+01 -3.90000000e+01
 6.05000000e+01 -3.60000000e+01
 6.05416667e+01 -2.80000000e+01
 6.05833333e+01 -1.90000000e+01
 6.06250000e+01 -1.40000000e+01
 6.06666667e+01 -9.00000000e+00
 6.07083333e+01 -5.00000000e+00
 6.07500000e+01 -3.00000000e+00
 6.07916667e+01 -7.00000000e+00
 6.08333333e+01 -1.40000000e+01
 6.08750000e+01 -2.00000000e+01
 6.09166667e+01 -2.50000000e+01
 6.09583333e+01 -2.70000000e+01
 6.10000000e+01 -2.40000000e+01
 6.10416667e+01 -1.60000000e+01
 6.10833333e+01 -5.00000000e+00
 6.11250000e+01 2.00000000e+00
 6.11666667e+01 5.00000000e+00
 6.12083333e+01 8.00000000e+00
 6.12500000e+01 9.00000000e+00
 6.12916667e+01 3.00000000e+00
 6.13333333e+01 -6.00000000e+00
 6.13750000e+01 -1.40000000e+01
 6.14166667e+01 -2.00000000e+01
 6.14583333e+01 -2.40000000e+01
 6.15000000e+01 -2.40000000e+01
 6.15416667e+01 -1.90000000e+01
 6.15833333e+01 -1.10000000e+01
 6.16250000e+01 -3.00000000e+00
 6.16666667e+01 1.00000000e+00
 6.17083333e+01 5.00000000e+00
 6.17500000e+01 6.00000000e+00
 6.17916667e+01 4.00000000e+00
 6.18333333e+01 -3.00000000e+00
 6.18750000e+01 -1.10000000e+01
 6.19166667e+01 -1.60000000e+01
 6.19583333e+01 -2.30000000e+01
 6.20000000e+01 -2.90000000e+01
 6.20416667e+01 -2.90000000e+01
 6.20833333e+01 -2.30000000e+01
 6.21250000e+01 -1.60000000e+01
 6.21666667e+01 -1.20000000e+01
 6.22083333e+01 -1.00000000e+01
 6.22500000e+01 -6.00000000e+00
 6.22916667e+01 -3.00000000e+00
 6.23333333e+01 -7.00000000e+00
 6.23750000e+01 -1.40000000e+01
 6.24166667e+01 -2.10000000e+01
 6.24583333e+01 -2.60000000e+01
 6.25000000e+01 -3.20000000e+01
 6.25416667e+01 -3.40000000e+01
 6.25833333e+01 -3.10000000e+01
 6.26250000e+01 -2.50000000e+01
 6.26666667e+01 -2.10000000e+01
 6.27083333e+01 -1.90000000e+01
 6.27500000e+01 -1.70000000e+01
 6.27916667e+01 -1.40000000e+01
 6.28333333e+01 -1.30000000e+01
 6.28750000e+01 -1.90000000e+01
 6.29166667e+01 -2.50000000e+01
 6.29583333e+01 -2.90000000e+01
 6.30000000e+01 -3.30000000e+01
 6.30416667e+01 -3.80000000e+01
 6.30833333e+01 -3.50000000e+01
 6.31250000e+01 -2.90000000e+01
 6.31666667e+01 -2.10000000e+01
 6.32083333e+01 -1.80000000e+01
 6.32500000e+01 -1.30000000e+01
 6.32916667e+01 -9.00000000e+00
 6.33333333e+01 -8.00000000e+00
 6.33750000e+01 -1.10000000e+01
 6.34166667e+01 -1.40000000e+01
 6.34583333e+01 -2.00000000e+01
 6.35000000e+01 -2.50000000e+01
 6.35416667e+01 -3.10000000e+01
 6.35833333e+01 -3.30000000e+01
 6.36250000e+01 -3.30000000e+01
 6.36666667e+01 -3.20000000e+01
 6.37083333e+01 -3.40000000e+01
 6.37500000e+01 -3.60000000e+01
 6.37916667e+01 -3.60000000e+01
 6.38333333e+01 -3.40000000e+01
 6.38750000e+01 -3.60000000e+01
 6.39166667e+01 -3.90000000e+01
 6.39583333e+01 -4.10000000e+01
 6.40000000e+01 -4.40000000e+01
 6.40416667e+01 -4.50000000e+01
 6.40833333e+01 -4.30000000e+01
 6.41250000e+01 -3.70000000e+01
 6.41666667e+01 -2.80000000e+01
 6.42083333e+01 -1.90000000e+01
 6.42500000e+01 -1.50000000e+01
 6.42916667e+01 -1.00000000e+01
 6.43333333e+01 -3.00000000e+00
 6.43750000e+01 0.00000000e+00
 6.44166667e+01 -4.00000000e+00
 6.44583333e+01 -1.00000000e+01
 6.45000000e+01 -1.80000000e+01
 6.45416667e+01 -2.50000000e+01
 6.45833333e+01 -3.10000000e+01
 6.46250000e+01 -3.10000000e+01
 6.46666667e+01 -2.80000000e+01
 6.47083333e+01 -2.40000000e+01
 6.47500000e+01 -2.10000000e+01
 6.47916667e+01 -1.60000000e+01
 6.48333333e+01 -1.10000000e+01
 6.48750000e+01 -9.00000000e+00
 6.49166667e+01 -1.10000000e+01
 6.49583333e+01 -1.50000000e+01
 6.50000000e+01 -1.90000000e+01
 6.50416667e+01 -2.70000000e+01
 6.50833333e+01 -3.40000000e+01
 6.51250000e+01 -4.00000000e+01
 6.51666667e+01 -4.10000000e+01
 6.52083333e+01 -3.70000000e+01
 6.52500000e+01 -3.40000000e+01
 6.52916667e+01 -3.00000000e+01
 6.53333333e+01 -2.50000000e+01
 6.53750000e+01 -1.90000000e+01
 6.54166667e+01 -1.50000000e+01
 6.54583333e+01 -1.40000000e+01
 6.55000000e+01 -1.70000000e+01
 6.55416667e+01 -2.20000000e+01
 6.55833333e+01 -3.10000000e+01
 6.56250000e+01 -3.90000000e+01
 6.56666667e+01 -4.10000000e+01
 6.57083333e+01 -4.20000000e+01
 6.57500000e+01 -3.90000000e+01
 6.57916667e+01 -3.70000000e+01
 6.58333333e+01 -3.20000000e+01
 6.58750000e+01 -2.50000000e+01
 6.59166667e+01 -1.90000000e+01
 6.59583333e+01 -1.70000000e+01
 6.60000000e+01 -1.80000000e+01
 6.60416667e+01 -2.10000000e+01
 6.60833333e+01 -2.80000000e+01
 6.61250000e+01 -3.70000000e+01
 6.61666667e+01 -4.00000000e+01
 6.62083333e+01 -4.20000000e+01
 6.62500000e+01 -3.80000000e+01
 6.62916667e+01 -3.30000000e+01
 6.63333333e+01 -2.70000000e+01
 6.63750000e+01 -1.80000000e+01
 6.64166667e+01 -9.00000000e+00
 6.64583333e+01 -1.00000000e+00
 6.65000000e+01 4.00000000e+00
 6.65416667e+01 3.00000000e+00
 6.65833333e+01 -4.00000000e+00
 6.66250000e+01 -1.30000000e+01
 6.66666667e+01 -2.10000000e+01
 6.67083333e+01 -2.50000000e+01
 6.67500000e+01 -2.50000000e+01
 6.67916667e+01 -2.30000000e+01
 6.68333333e+01 -2.10000000e+01
 6.68750000e+01 -1.40000000e+01
 6.69166667e+01 -8.00000000e+00
 6.69583333e+01 -2.00000000e+00
 6.70000000e+01 0.00000000e+00
 6.70416667e+01 -3.00000000e+00
 6.70833333e+01 -1.00000000e+01
 6.71250000e+01 -2.10000000e+01
 6.71666667e+01 -3.40000000e+01
 6.72083333e+01 -4.30000000e+01
 6.72500000e+01 -4.60000000e+01
 6.72916667e+01 -4.50000000e+01
 6.73333333e+01 -4.20000000e+01
 6.73750000e+01 -3.60000000e+01
 6.74166667e+01 -2.80000000e+01
 6.74583333e+01 -1.90000000e+01
 6.75000000e+01 -1.30000000e+01
 6.75416667e+01 -1.00000000e+01
 6.75833333e+01 -1.20000000e+01
 6.76250000e+01 -2.00000000e+01
 6.76666667e+01 -2.90000000e+01
 6.77083333e+01 -3.60000000e+01
 6.77500000e+01 -3.90000000e+01
 6.77916667e+01 -3.90000000e+01
 6.78333333e+01 -3.60000000e+01
 6.78750000e+01 -3.10000000e+01
 6.79166667e+01 -2.50000000e+01
 6.79583333e+01 -1.60000000e+01
 6.80000000e+01 -8.00000000e+00
 6.80416667e+01 -5.00000000e+00
 6.80833333e+01 -7.00000000e+00
 6.81250000e+01 -1.30000000e+01
 6.81666667e+01 -2.30000000e+01
 6.82083333e+01 -3.40000000e+01
 6.82500000e+01 -4.00000000e+01
 6.82916667e+01 -4.30000000e+01
 6.83333333e+01 -4.20000000e+01
 6.83750000e+01 -3.70000000e+01
 6.84166667e+01 -2.90000000e+01
 6.84583333e+01 -2.10000000e+01
 6.85000000e+01 -1.30000000e+01
 6.85416667e+01 -4.00000000e+00
 6.85833333e+01 0.00000000e+00
 6.86250000e+01 -2.00000000e+00
 6.86666667e+01 -7.00000000e+00
 6.87083333e+01 -1.50000000e+01
 6.87500000e+01 -2.60000000e+01
 6.87916667e+01 -3.00000000e+01
 6.88333333e+01 -3.30000000e+01
 6.88750000e+01 -3.00000000e+01
 6.89166667e+01 -2.60000000e+01
 6.89583333e+01 -2.10000000e+01
 6.90000000e+01 -1.50000000e+01
 6.90416667e+01 -8.00000000e+00
 6.90833333e+01 -4.00000000e+00
 6.91250000e+01 -5.00000000e+00
 6.91666667e+01 -1.00000000e+01
 6.92083333e+01 -1.80000000e+01
 6.92500000e+01 -2.70000000e+01
 6.92916667e+01 -3.40000000e+01
 6.93333333e+01 -3.70000000e+01
 6.93750000e+01 -3.70000000e+01
 6.94166667e+01 -3.30000000e+01
 6.94583333e+01 -2.60000000e+01
 6.95000000e+01 -1.90000000e+01
 6.95416667e+01 -1.00000000e+01
 6.95833333e+01 -3.00000000e+00
 6.96250000e+01 1.00000000e+00
 6.96666667e+01 2.00000000e+00
 6.97083333e+01 -1.00000000e+00
 6.97500000e+01 -8.00000000e+00
 6.97916667e+01 -1.30000000e+01
 6.98333333e+01 -1.60000000e+01
 6.98750000e+01 -1.60000000e+01
 6.99166667e+01 -1.30000000e+01
 6.99583333e+01 -9.00000000e+00
 7.00000000e+01 -5.00000000e+00
 7.00416667e+01 -1.00000000e+00
 7.00833333e+01 3.00000000e+00
 7.01250000e+01 6.00000000e+00
 7.01666667e+01 5.00000000e+00
 7.02083333e+01 1.00000000e+00
 7.02500000e+01 -6.00000000e+00
 7.02916667e+01 -1.30000000e+01
 7.03333333e+01 -2.00000000e+01
 7.03750000e+01 -2.20000000e+01
 7.04166667e+01 -2.50000000e+01
 7.04583333e+01 -2.20000000e+01
 7.05000000e+01 -1.90000000e+01
 7.05416667e+01 -1.50000000e+01
 7.05833333e+01 -9.00000000e+00
 7.06250000e+01 -4.00000000e+00
 7.06666667e+01 0.00000000e+00
 7.07083333e+01 1.00000000e+00
 7.07500000e+01 -5.00000000e+00
 7.07916667e+01 -1.20000000e+01
 7.08333333e+01 -1.70000000e+01
 7.08750000e+01 -2.00000000e+01
 7.09166667e+01 -1.90000000e+01
 7.09583333e+01 -1.50000000e+01
 7.10000000e+01 -1.10000000e+01
 7.10416667e+01 -8.00000000e+00
 7.10833333e+01 -5.00000000e+00
 7.11250000e+01 0.00000000e+00
 7.11666667e+01 4.00000000e+00
 7.12083333e+01 2.00000000e+00
 7.12500000e+01 -2.00000000e+00
 7.12916667e+01 -6.00000000e+00
 7.13333333e+01 -1.10000000e+01
 7.13750000e+01 -1.50000000e+01
 7.14166667e+01 -1.30000000e+01
 7.14583333e+01 -1.10000000e+01
 7.15000000e+01 -4.00000000e+00
 7.15416667e+01 -1.00000000e+00
 7.15833333e+01 4.00000000e+00
 7.16250000e+01 7.00000000e+00
 7.16666667e+01 8.00000000e+00
 7.17083333e+01 7.00000000e+00
 7.17500000e+01 5.00000000e+00
 7.17916667e+01 -3.00000000e+00
 7.18333333e+01 -1.00000000e+01
 7.18750000e+01 -1.50000000e+01
 7.19166667e+01 -1.60000000e+01
 7.19583333e+01 -1.40000000e+01
 7.20000000e+01 -8.00000000e+00
 7.20416667e+01 -2.00000000e+00
 7.20833333e+01 2.00000000e+00
 7.21250000e+01 5.00000000e+00
 7.21666667e+01 7.00000000e+00
 7.22083333e+01 4.00000000e+00
 7.22500000e+01 -1.00000000e+00
 7.22916667e+01 -7.00000000e+00
 7.23333333e+01 -1.10000000e+01
 7.23750000e+01 -1.40000000e+01
 7.24166667e+01 -1.60000000e+01
 7.24583333e+01 -1.30000000e+01
 7.25000000e+01 -9.00000000e+00
 7.25416667e+01 -6.00000000e+00
 7.25833333e+01 -6.00000000e+00
 7.26250000e+01 -5.00000000e+00
 7.26666667e+01 -5.00000000e+00
 7.27083333e+01 -7.00000000e+00
 7.27500000e+01 -1.10000000e+01
 7.27916667e+01 -1.50000000e+01
 7.28333333e+01 -1.60000000e+01
 7.28750000e+01 -1.80000000e+01
 7.29166667e+01 -1.60000000e+01
 7.29583333e+01 -1.10000000e+01
 7.30000000e+01 -2.00000000e+00
 7.30416667e+01 5.00000000e+00
 7.30833333e+01 8.00000000e+00
 7.31250000e+01 9.00000000e+00
 7.31666667e+01 1.00000000e+01
 7.32083333e+01 9.00000000e+00
 7.32500000e+01 4.00000000e+00
 7.32916667e+01 -1.00000000e+00
 7.33333333e+01 -5.00000000e+00
 7.33750000e+01 -9.00000000e+00
 7.34166667e+01 -1.20000000e+01
 7.34583333e+01 -1.20000000e+01
 7.35000000e+01 -1.00000000e+01
 7.35416667e+01 -7.00000000e+00
 7.35833333e+01 -8.00000000e+00
 7.36250000e+01 -1.00000000e+01
 7.36666667e+01 -8.00000000e+00
 7.37083333e+01 -9.00000000e+00
 7.37500000e+01 -1.00000000e+01
 7.37916667e+01 -1.50000000e+01
 7.38333333e+01 -1.60000000e+01
 7.38750000e+01 -1.90000000e+01
 7.39166667e+01 -2.10000000e+01
 7.39583333e+01 -2.20000000e+01
 7.40000000e+01 -1.70000000e+01
 7.40416667e+01 -1.10000000e+01
 7.40833333e+01 -9.00000000e+00
 7.41250000e+01 -8.00000000e+00
 7.41666667e+01 -7.00000000e+00
 7.42083333e+01 -5.00000000e+00
 7.42500000e+01 -5.00000000e+00
 7.42916667e+01 -8.00000000e+00
 7.43333333e+01 -1.10000000e+01
 7.43750000e+01 -1.40000000e+01
 7.44166667e+01 -1.60000000e+01
 7.44583333e+01 -1.80000000e+01
 7.45000000e+01 -1.60000000e+01
 7.45416667e+01 -1.20000000e+01
 7.45833333e+01 -1.20000000e+01
 7.46250000e+01 -1.20000000e+01
 7.46666667e+01 -1.10000000e+01
 7.47083333e+01 -9.00000000e+00
 7.47500000e+01 -1.00000000e+01
 7.47916667e+01 -1.30000000e+01
 7.48333333e+01 -1.50000000e+01
 7.48750000e+01 -1.80000000e+01
 7.49166667e+01 -2.20000000e+01
 7.49583333e+01 -2.60000000e+01
 7.50000000e+01 -2.30000000e+01
 7.50416667e+01 -1.90000000e+01
 7.50833333e+01 -1.20000000e+01
 7.51250000e+01 -1.20000000e+01
 7.51666667e+01 -1.00000000e+01
 7.52083333e+01 -6.00000000e+00
 7.52500000e+01 -5.00000000e+00
 7.52916667e+01 -8.00000000e+00
 7.53333333e+01 -1.10000000e+01
 7.53750000e+01 -1.50000000e+01
 7.54166667e+01 -2.00000000e+01
 7.54583333e+01 -2.30000000e+01
 7.55000000e+01 -2.30000000e+01
 7.55416667e+01 -1.80000000e+01
 7.55833333e+01 -1.30000000e+01
 7.56250000e+01 -1.10000000e+01
 7.56666667e+01 -1.00000000e+01
 7.57083333e+01 -7.00000000e+00
 7.57500000e+01 -5.00000000e+00
 7.57916667e+01 -6.00000000e+00
 7.58333333e+01 -1.00000000e+01
 7.58750000e+01 -1.40000000e+01
 7.59166667e+01 -1.60000000e+01
 7.59583333e+01 -1.90000000e+01
 7.60000000e+01 -1.90000000e+01
 7.60416667e+01 -1.20000000e+01
 7.60833333e+01 -9.00000000e+00
 7.61250000e+01 -6.00000000e+00
 7.61666667e+01 -5.00000000e+00
 7.62083333e+01 1.00000000e+00
 7.62500000e+01 4.00000000e+00
 7.62916667e+01 5.00000000e+00
 7.63333333e+01 0.00000000e+00
 7.63750000e+01 -2.00000000e+00
 7.64166667e+01 -7.00000000e+00
 7.64583333e+01 -7.00000000e+00
 7.65000000e+01 -1.00000000e+01
 7.65416667e+01 -3.00000000e+00
 7.65833333e+01 0.00000000e+00
 7.66250000e+01 3.00000000e+00
 7.66666667e+01 -1.00000000e+00
 7.67083333e+01 5.00000000e+00
 7.67500000e+01 4.00000000e+00
 7.67916667e+01 6.00000000e+00
 7.68333333e+01 3.00000000e+00
 7.68750000e+01 -1.00000000e+00
 7.69166667e+01 -7.00000000e+00
 7.69583333e+01 -1.20000000e+01
 7.70000000e+01 -1.60000000e+01
 7.70416667e+01 -1.40000000e+01
 7.70833333e+01 -1.10000000e+01
 7.71250000e+01 -9.00000000e+00
 7.71666667e+01 -6.00000000e+00
 7.72083333e+01 -5.00000000e+00
 7.72500000e+01 2.00000000e+00
 7.72916667e+01 7.00000000e+00
 7.73333333e+01 8.00000000e+00
 7.73750000e+01 8.00000000e+00
 7.74166667e+01 5.00000000e+00
 7.74583333e+01 1.00000000e+00
 7.75000000e+01 0.00000000e+00
 7.75416667e+01 2.00000000e+00
 7.75833333e+01 1.00000000e+01
 7.76250000e+01 1.20000000e+01
 7.76666667e+01 1.70000000e+01
 7.77083333e+01 2.00000000e+01
 7.77500000e+01 2.60000000e+01
 7.77916667e+01 2.90000000e+01
 7.78333333e+01 2.60000000e+01
 7.78750000e+01 2.60000000e+01
 7.79166667e+01 2.20000000e+01
 7.79583333e+01 2.00000000e+01
 7.80000000e+01 2.00000000e+01
 7.80416667e+01 1.80000000e+01
 7.80833333e+01 2.20000000e+01
 7.81250000e+01 2.80000000e+01
 7.81666667e+01 2.80000000e+01
 7.82083333e+01 3.00000000e+01
 7.82500000e+01 3.10000000e+01
 7.82916667e+01 3.30000000e+01
 7.83333333e+01 3.40000000e+01
 7.83750000e+01 3.00000000e+01
 7.84166667e+01 2.80000000e+01
 7.84583333e+01 2.40000000e+01
 7.85000000e+01 2.00000000e+01
 7.85416667e+01 1.50000000e+01
 7.85833333e+01 1.70000000e+01
 7.86250000e+01 1.80000000e+01
 7.86666667e+01 1.70000000e+01
 7.87083333e+01 1.70000000e+01
 7.87500000e+01 1.70000000e+01
 7.87916667e+01 2.20000000e+01
 7.88333333e+01 2.20000000e+01
 7.88750000e+01 1.40000000e+01
 7.89166667e+01 1.00000000e+01
 7.89583333e+01 3.00000000e+00
 7.90000000e+01 -3.00000000e+00
 7.90416667e+01 -7.00000000e+00
 7.90833333e+01 -9.00000000e+00
 7.91250000e+01 -7.00000000e+00
 7.91666667e+01 -4.00000000e+00
 7.92083333e+01 -3.00000000e+00
 7.92500000e+01 3.00000000e+00
 7.92916667e+01 1.10000000e+01
 7.93333333e+01 1.30000000e+01
 7.93750000e+01 1.50000000e+01
 7.94166667e+01 1.50000000e+01
 7.94583333e+01 1.00000000e+01
 7.95000000e+01 4.00000000e+00
 7.95416667e+01 -2.00000000e+00
 7.95833333e+01 -5.00000000e+00
 7.96250000e+01 -4.00000000e+00
 7.96666667e+01 -2.00000000e+00
 7.97083333e+01 -4.00000000e+00
 7.97500000e+01 -3.00000000e+00
 7.97916667e+01 3.00000000e+00
 7.98333333e+01 6.00000000e+00
 7.98750000e+01 9.00000000e+00
 7.99166667e+01 5.00000000e+00
 7.99583333e+01 4.00000000e+00
 8.00000000e+01 -1.00000000e+00
 8.00416667e+01 -6.00000000e+00
 8.00833333e+01 -9.00000000e+00
 8.01250000e+01 -9.00000000e+00
 8.01666667e+01 -9.00000000e+00
 8.02083333e+01 -6.00000000e+00
 8.02500000e+01 -5.00000000e+00
 8.02916667e+01 -2.00000000e+00
 8.03333333e+01 5.00000000e+00
 8.03750000e+01 1.00000000e+01
 8.04166667e+01 1.20000000e+01
 8.04583333e+01 9.00000000e+00
 8.05000000e+01 5.00000000e+00
 8.05416667e+01 -3.00000000e+00
 8.05833333e+01 -1.00000000e+01
 8.06250000e+01 -1.10000000e+01
 8.06666667e+01 -1.10000000e+01
 8.07083333e+01 -1.10000000e+01
 8.07500000e+01 -9.00000000e+00
 8.07916667e+01 -3.00000000e+00
 8.08333333e+01 5.00000000e+00
 8.08750000e+01 9.00000000e+00
 8.09166667e+01 1.20000000e+01
 8.09583333e+01 8.00000000e+00
 8.10000000e+01 4.00000000e+00
 8.10416667e+01 -5.00000000e+00
 8.10833333e+01 -1.00000000e+01
 8.11250000e+01 -1.20000000e+01
 8.11666667e+01 -1.10000000e+01
 8.12083333e+01 -1.00000000e+01
 8.12500000e+01 -6.00000000e+00
 8.12916667e+01 0.00000000e+00
 8.13333333e+01 9.00000000e+00
 8.13750000e+01 1.90000000e+01
 8.14166667e+01 2.40000000e+01
 8.14583333e+01 2.90000000e+01
 8.15000000e+01 2.60000000e+01
 8.15416667e+01 1.90000000e+01
 8.15833333e+01 1.00000000e+01
 8.16250000e+01 7.00000000e+00
 8.16666667e+01 4.00000000e+00
 8.17083333e+01 7.00000000e+00
 8.17500000e+01 9.00000000e+00
 8.17916667e+01 1.10000000e+01
 8.18333333e+01 1.40000000e+01
 8.18750000e+01 2.00000000e+01
 8.19166667e+01 2.30000000e+01
 8.19583333e+01 2.40000000e+01
 8.20000000e+01 2.10000000e+01
 8.20416667e+01 1.60000000e+01
 8.20833333e+01 5.00000000e+00
 8.21250000e+01 -5.00000000e+00
 8.21666667e+01 -1.40000000e+01
 8.22083333e+01 -1.90000000e+01
 8.22500000e+01 -2.00000000e+01
 8.22916667e+01 -1.50000000e+01
 8.23333333e+01 -7.00000000e+00
 8.23750000e+01 1.00000000e+00
 8.24166667e+01 8.00000000e+00
 8.24583333e+01 1.50000000e+01
 8.25000000e+01 1.40000000e+01
 8.25416667e+01 7.00000000e+00
 8.25833333e+01 -3.00000000e+00
 8.26250000e+01 -1.50000000e+01
 8.26666667e+01 -2.40000000e+01
 8.27083333e+01 -2.70000000e+01
 8.27500000e+01 -2.70000000e+01
 8.27916667e+01 -2.50000000e+01
 8.28333333e+01 -2.10000000e+01
 8.28750000e+01 -1.30000000e+01
 8.29166667e+01 -3.00000000e+00
 8.29583333e+01 3.00000000e+00
 8.30000000e+01 7.00000000e+00
 8.30416667e+01 3.00000000e+00
 8.30833333e+01 -5.00000000e+00
 8.31250000e+01 -1.70000000e+01
 8.31666667e+01 -2.70000000e+01
 8.32083333e+01 -3.40000000e+01
 8.32500000e+01 -3.60000000e+01
 8.32916667e+01 -3.70000000e+01
 8.33333333e+01 -3.30000000e+01
 8.33750000e+01 -2.40000000e+01
 8.34166667e+01 -1.50000000e+01
 8.34583333e+01 -2.00000000e+00
 8.35000000e+01 7.00000000e+00
 8.35416667e+01 9.00000000e+00
 8.35833333e+01 3.00000000e+00
 8.36250000e+01 -6.00000000e+00
 8.36666667e+01 -1.80000000e+01
 8.37083333e+01 -2.50000000e+01
 8.37500000e+01 -3.00000000e+01
 8.37916667e+01 -3.00000000e+01
 8.38333333e+01 -2.60000000e+01
 8.38750000e+01 -1.90000000e+01
 8.39166667e+01 -9.00000000e+00
 8.39583333e+01 2.00000000e+00
 8.40000000e+01 1.20000000e+01
 8.40416667e+01 1.50000000e+01
 8.40833333e+01 1.30000000e+01
 8.41250000e+01 7.00000000e+00
 8.41666667e+01 -4.00000000e+00
 8.42083333e+01 -2.00000000e+01
 8.42500000e+01 -2.30000000e+01
 8.42916667e+01 -2.40000000e+01
 8.43333333e+01 -2.00000000e+01
 8.43750000e+01 -1.80000000e+01
 8.44166667e+01 -3.00000000e+00
 8.44583333e+01 3.00000000e+00
 8.45000000e+01 1.20000000e+01
 8.45416667e+01 2.10000000e+01
 8.45833333e+01 2.70000000e+01
 8.46250000e+01 1.80000000e+01
 8.46666667e+01 9.00000000e+00
 8.47083333e+01 1.00000000e+00
 8.47500000e+01 -1.10000000e+01
 8.47916667e+01 -1.80000000e+01
 8.48333333e+01 -1.60000000e+01
 8.48750000e+01 -1.40000000e+01
 8.49166667e+01 -1.10000000e+01
 8.49583333e+01 -7.00000000e+00
 8.50000000e+01 0.00000000e+00
 8.50416667e+01 9.00000000e+00
 8.50833333e+01 1.10000000e+01
 8.51250000e+01 6.00000000e+00
 8.51666667e+01 6.00000000e+00
 8.52083333e+01 -6.00000000e+00
 8.52500000e+01 -1.80000000e+01
 8.52916667e+01 -2.60000000e+01
 8.53333333e+01 -2.50000000e+01
 8.53750000e+01 -2.30000000e+01
 8.54166667e+01 -1.70000000e+01
 8.54583333e+01 -1.10000000e+01
 8.55000000e+01 -3.00000000e+00
 8.55416667e+01 5.00000000e+00
 8.55833333e+01 1.30000000e+01
 8.56250000e+01 1.60000000e+01
 8.56666667e+01 1.40000000e+01
 8.57083333e+01 7.00000000e+00
 8.57500000e+01 -3.00000000e+00
 8.57916667e+01 -1.10000000e+01
 8.58333333e+01 -1.30000000e+01
 8.58750000e+01 -9.00000000e+00
 8.59166667e+01 -4.00000000e+00
 8.59583333e+01 1.00000000e+00
 8.60000000e+01 5.00000000e+00
 8.60416667e+01 1.00000000e+01
 8.60833333e+01 1.50000000e+01
 8.61250000e+01 1.70000000e+01
 8.61666667e+01 1.40000000e+01
 8.62083333e+01 7.00000000e+00
 8.62500000e+01 0.00000000e+00
 8.62916667e+01 -7.00000000e+00
 8.63333333e+01 -1.20000000e+01
 8.63750000e+01 -1.20000000e+01
 8.64166667e+01 -9.00000000e+00
 8.64583333e+01 -4.00000000e+00
 8.65000000e+01 0.00000000e+00
 8.65416667e+01 4.00000000e+00
 8.65833333e+01 8.00000000e+00
 8.66250000e+01 1.10000000e+01
 8.66666667e+01 1.10000000e+01
 8.67083333e+01 6.00000000e+00
 8.67500000e+01 -2.00000000e+00
 8.67916667e+01 -1.00000000e+01
 8.68333333e+01 -1.80000000e+01
 8.68750000e+01 -2.20000000e+01
 8.69166667e+01 -1.80000000e+01
 8.69583333e+01 -1.30000000e+01
 8.70000000e+01 -7.00000000e+00
 8.70416667e+01 -5.00000000e+00
 8.70833333e+01 -1.00000000e+00
 8.71250000e+01 2.00000000e+00
 8.71666667e+01 1.00000000e+00
 8.72083333e+01 -4.00000000e+00
 8.72500000e+01 -1.10000000e+01
 8.72916667e+01 -1.70000000e+01
 8.73333333e+01 -2.00000000e+01
 8.73750000e+01 -2.20000000e+01
 8.74166667e+01 -1.70000000e+01
 8.74583333e+01 -9.00000000e+00
 8.75000000e+01 0.00000000e+00
 8.75416667e+01 8.00000000e+00
 8.75833333e+01 1.20000000e+01
 8.76250000e+01 1.70000000e+01
 8.76666667e+01 2.20000000e+01
 8.77083333e+01 1.90000000e+01
 8.77500000e+01 1.40000000e+01
 8.77916667e+01 8.00000000e+00
 8.78333333e+01 3.00000000e+00
 8.78750000e+01 -1.00000000e+00
 8.79166667e+01 -3.00000000e+00
 8.79583333e+01 2.00000000e+00
 8.80000000e+01 8.00000000e+00
 8.80416667e+01 1.30000000e+01
 8.80833333e+01 1.20000000e+01
 8.81250000e+01 1.30000000e+01
 8.81666667e+01 1.50000000e+01
 8.82083333e+01 1.10000000e+01
 8.82500000e+01 3.00000000e+00
 8.82916667e+01 -6.00000000e+00
 8.83333333e+01 -1.40000000e+01
 8.83750000e+01 -2.10000000e+01
 8.84166667e+01 -2.70000000e+01
 8.84583333e+01 -2.50000000e+01
 8.85000000e+01 -2.20000000e+01
 8.85416667e+01 -1.50000000e+01
 8.85833333e+01 -1.00000000e+01
 8.86250000e+01 -5.00000000e+00
 8.86666667e+01 -2.00000000e+00
 8.87083333e+01 -1.00000000e+00
 8.87500000e+01 -8.00000000e+00
 8.87916667e+01 -1.80000000e+01
 8.88333333e+01 -2.60000000e+01
 8.88750000e+01 -3.10000000e+01
 8.89166667e+01 -3.50000000e+01
 8.89583333e+01 -3.30000000e+01
 8.90000000e+01 -2.50000000e+01
 8.90416667e+01 -1.50000000e+01
 8.90833333e+01 -8.00000000e+00
 8.91250000e+01 -6.00000000e+00
 8.91666667e+01 4.00000000e+00
 8.92083333e+01 1.20000000e+01
 8.92500000e+01 1.10000000e+01
 8.92916667e+01 4.00000000e+00
 8.93333333e+01 -1.00000000e+00
 8.93750000e+01 -8.00000000e+00
 8.94166667e+01 -9.00000000e+00
 8.94583333e+01 -1.20000000e+01
 8.95000000e+01 -6.00000000e+00
 8.95416667e+01 0.00000000e+00
 8.95833333e+01 4.00000000e+00
 8.96250000e+01 9.00000000e+00
 8.96666667e+01 1.30000000e+01
 8.97083333e+01 1.50000000e+01
 8.97500000e+01 1.10000000e+01
 8.97916667e+01 1.00000000e+00
 8.98333333e+01 -8.00000000e+00
 8.98750000e+01 -1.60000000e+01
 8.99166667e+01 -2.30000000e+01
 8.99583333e+01 -2.40000000e+01
 9.00000000e+01 -1.90000000e+01
 9.00416667e+01 -1.10000000e+01
 9.00833333e+01 -4.00000000e+00
 9.01250000e+01 0.00000000e+00
 9.01666667e+01 2.00000000e+00
 9.02083333e+01 3.00000000e+00
 9.02500000e+01 0.00000000e+00
 9.02916667e+01 -8.00000000e+00
 9.03333333e+01 -1.60000000e+01
 9.03750000e+01 -2.30000000e+01
 9.04166667e+01 -2.80000000e+01
 9.04583333e+01 -2.90000000e+01
 9.05000000e+01 -2.70000000e+01
 9.05416667e+01 -2.10000000e+01
 9.05833333e+01 -1.30000000e+01
 9.06250000e+01 -6.00000000e+00
 9.06666667e+01 -1.00000000e+00
 9.07083333e+01 8.00000000e+00
 9.07500000e+01 1.40000000e+01
 9.07916667e+01 8.00000000e+00
 9.08333333e+01 -3.00000000e+00
 9.08750000e+01 -1.20000000e+01
 9.09166667e+01 -2.00000000e+01
 9.09583333e+01 -2.40000000e+01
 9.10000000e+01 -1.90000000e+01
 9.10416667e+01 -6.00000000e+00
 9.10833333e+01 8.00000000e+00
 9.11250000e+01 1.60000000e+01
 9.11666667e+01 1.90000000e+01
 9.12083333e+01 2.10000000e+01
 9.12500000e+01 2.10000000e+01
 9.12916667e+01 1.60000000e+01
 9.13333333e+01 9.00000000e+00
 9.13750000e+01 3.00000000e+00
 9.14166667e+01 -4.00000000e+00
 9.14583333e+01 -8.00000000e+00
 9.15000000e+01 -1.10000000e+01
 9.15416667e+01 -6.00000000e+00
 9.15833333e+01 -1.00000000e+00
 9.16250000e+01 4.00000000e+00
 9.16666667e+01 5.00000000e+00
 9.17083333e+01 7.00000000e+00
 9.17500000e+01 1.40000000e+01
 9.17916667e+01 1.30000000e+01
 9.18333333e+01 8.00000000e+00
 9.18750000e+01 1.00000000e+00
 9.19166667e+01 -5.00000000e+00
 9.19583333e+01 -1.00000000e+01
 9.20000000e+01 -1.40000000e+01
 9.20416667e+01 -1.60000000e+01
 9.20833333e+01 -1.40000000e+01
 9.21250000e+01 -1.10000000e+01
 9.21666667e+01 -7.00000000e+00
 9.22083333e+01 -5.00000000e+00
 9.22500000e+01 -2.00000000e+00
 9.22916667e+01 2.00000000e+00
 9.23333333e+01 3.00000000e+00
 9.23750000e+01 -1.00000000e+00
 9.24166667e+01 -6.00000000e+00
 9.24583333e+01 -1.30000000e+01
 9.25000000e+01 -2.20000000e+01
 9.25416667e+01 -2.70000000e+01
 9.25833333e+01 -2.70000000e+01
 9.26250000e+01 -2.50000000e+01
 9.26666667e+01 -2.40000000e+01
 9.27083333e+01 -2.60000000e+01
 9.27500000e+01 -2.20000000e+01
 9.27916667e+01 -1.60000000e+01
 9.28333333e+01 -1.20000000e+01
 9.28750000e+01 -1.40000000e+01
 9.29166667e+01 -1.80000000e+01
 9.29583333e+01 -2.40000000e+01
 9.30000000e+01 -3.00000000e+01
 9.30416667e+01 -3.60000000e+01
 9.30833333e+01 -3.90000000e+01
 9.31250000e+01 -3.50000000e+01
 9.31666667e+01 -3.10000000e+01
 9.32083333e+01 -3.00000000e+01
 9.32500000e+01 -2.40000000e+01
 9.32916667e+01 -1.80000000e+01
 9.33333333e+01 -1.00000000e+01
 9.33750000e+01 -6.00000000e+00
 9.34166667e+01 -8.00000000e+00
 9.34583333e+01 -1.00000000e+01
 9.35000000e+01 -1.70000000e+01
 9.35416667e+01 -2.20000000e+01
 9.35833333e+01 -2.50000000e+01
 9.36250000e+01 -2.30000000e+01
 9.36666667e+01 -2.10000000e+01
 9.37083333e+01 -1.90000000e+01
 9.37500000e+01 -1.70000000e+01
 9.37916667e+01 -9.00000000e+00
 9.38333333e+01 -3.00000000e+00
 9.38750000e+01 2.00000000e+00
 9.39166667e+01 3.00000000e+00
 9.39583333e+01 2.00000000e+00
 9.40000000e+01 -3.00000000e+00
 9.40416667e+01 -9.00000000e+00
 9.40833333e+01 -1.50000000e+01
 9.41250000e+01 -1.70000000e+01
 9.41666667e+01 -1.60000000e+01
 9.42083333e+01 -1.30000000e+01
 9.42500000e+01 -1.10000000e+01
 9.42916667e+01 -5.00000000e+00
 9.43333333e+01 3.00000000e+00
 9.43750000e+01 1.00000000e+01
 9.44166667e+01 1.40000000e+01
 9.44583333e+01 1.30000000e+01
 9.45000000e+01 8.00000000e+00
 9.45416667e+01 0.00000000e+00
 9.45833333e+01 -9.00000000e+00
 9.46250000e+01 -1.30000000e+01
 9.46666667e+01 -1.40000000e+01
 9.47083333e+01 -1.60000000e+01
 9.47500000e+01 -1.70000000e+01
 9.47916667e+01 -1.50000000e+01
 9.48333333e+01 -8.00000000e+00
 9.48750000e+01 -1.00000000e+00
 9.49166667e+01 2.00000000e+00
 9.49583333e+01 1.00000000e+00
 9.50000000e+01 -2.00000000e+00
 9.50416667e+01 -9.00000000e+00
 9.50833333e+01 -1.90000000e+01
 9.51250000e+01 -2.60000000e+01
 9.51666667e+01 -3.10000000e+01
 9.52083333e+01 -3.10000000e+01
 9.52500000e+01 -3.00000000e+01
 9.52916667e+01 -2.60000000e+01
 9.53333333e+01 -1.80000000e+01
 9.53750000e+01 -8.00000000e+00
 9.54166667e+01 0.00000000e+00
 9.54583333e+01 7.00000000e+00
 9.55000000e+01 7.00000000e+00
 9.55416667e+01 5.00000000e+00
 9.55833333e+01 -4.00000000e+00
 9.56250000e+01 -1.00000000e+01
 9.56666667e+01 -1.30000000e+01
 9.57083333e+01 -1.30000000e+01
 9.57500000e+01 -1.40000000e+01
 9.57916667e+01 -1.30000000e+01
 9.58333333e+01 -9.00000000e+00
 9.58750000e+01 1.00000000e+00
 9.59166667e+01 7.00000000e+00
 9.59583333e+01 1.10000000e+01
 9.60000000e+01 9.00000000e+00
 9.60416667e+01 4.00000000e+00
 9.60833333e+01 -6.00000000e+00
 9.61250000e+01 -1.60000000e+01
 9.61666667e+01 -2.50000000e+01
 9.62083333e+01 -3.00000000e+01
 9.62500000e+01 -3.30000000e+01
 9.62916667e+01 -3.20000000e+01
 9.63333333e+01 -2.70000000e+01
 9.63750000e+01 -1.80000000e+01
 9.64166667e+01 -8.00000000e+00
 9.64583333e+01 1.00000000e+00
 9.65000000e+01 5.00000000e+00
 9.65416667e+01 3.00000000e+00
 9.65833333e+01 -5.00000000e+00
 9.66250000e+01 -1.60000000e+01
 9.66666667e+01 -2.50000000e+01
 9.67083333e+01 -3.00000000e+01
 9.67500000e+01 -3.10000000e+01
 9.67916667e+01 -2.90000000e+01
 9.68333333e+01 -2.50000000e+01
 9.68750000e+01 -1.80000000e+01
 9.69166667e+01 -8.00000000e+00
 9.69583333e+01 1.00000000e+00
 9.70000000e+01 6.00000000e+00
 9.70416667e+01 6.00000000e+00
 9.70833333e+01 2.00000000e+00
 9.71250000e+01 -7.00000000e+00
 9.71666667e+01 -1.60000000e+01
 9.72083333e+01 -2.40000000e+01
 9.72500000e+01 -2.80000000e+01
 9.72916667e+01 -2.90000000e+01
 9.73333333e+01 -2.60000000e+01
 9.73750000e+01 -1.90000000e+01
 9.74166667e+01 -9.00000000e+00
 9.74583333e+01 3.00000000e+00
 9.75000000e+01 1.30000000e+01
 9.75416667e+01 1.90000000e+01
 9.75833333e+01 1.90000000e+01
 9.76250000e+01 1.20000000e+01
 9.76666667e+01 3.00000000e+00
 9.77083333e+01 -4.00000000e+00
 9.77500000e+01 -1.00000000e+01
 9.77916667e+01 -1.00000000e+01
 9.78333333e+01 -7.00000000e+00
 9.78750000e+01 -4.00000000e+00
 9.79166667e+01 2.00000000e+00
 9.79583333e+01 1.10000000e+01
 9.80000000e+01 1.90000000e+01
 9.80416667e+01 2.30000000e+01
 9.80833333e+01 2.10000000e+01
 9.81250000e+01 1.50000000e+01
 9.81666667e+01 5.00000000e+00
 9.82083333e+01 -5.00000000e+00
 9.82500000e+01 -1.40000000e+01
 9.82916667e+01 -2.00000000e+01
 9.83333333e+01 -2.20000000e+01
 9.83750000e+01 -2.20000000e+01
 9.84166667e+01 -1.80000000e+01
 9.84583333e+01 -1.30000000e+01
 9.85000000e+01 -6.00000000e+00
 9.85416667e+01 2.00000000e+00
 9.85833333e+01 7.00000000e+00
 9.86250000e+01 6.00000000e+00
 9.86666667e+01 0.00000000e+00
 9.87083333e+01 -8.00000000e+00
 9.87500000e+01 -1.80000000e+01
 9.87916667e+01 -2.40000000e+01
 9.88333333e+01 -2.60000000e+01
 9.88750000e+01 -2.60000000e+01
 9.89166667e+01 -2.40000000e+01
 9.89583333e+01 -2.10000000e+01
 9.90000000e+01 -1.60000000e+01
 9.90416667e+01 -1.00000000e+01
 9.90833333e+01 -5.00000000e+00
 9.91250000e+01 -5.00000000e+00
 9.91666667e+01 -1.00000000e+01
 9.92083333e+01 -1.80000000e+01
 9.92500000e+01 -2.70000000e+01
 9.92916667e+01 -3.40000000e+01
 9.93333333e+01 -3.90000000e+01
 9.93750000e+01 -4.10000000e+01
 9.94166667e+01 -3.90000000e+01
 9.94583333e+01 -3.50000000e+01
 9.95000000e+01 -3.20000000e+01
 9.95416667e+01 -2.50000000e+01
 9.95833333e+01 -1.90000000e+01
 9.96250000e+01 -1.60000000e+01
 9.96666667e+01 -1.40000000e+01
 9.97083333e+01 -1.60000000e+01
 9.97500000e+01 -2.20000000e+01
 9.97916667e+01 -3.00000000e+01
 9.98333333e+01 -3.50000000e+01
 9.98750000e+01 -3.70000000e+01
 9.99166667e+01 -3.60000000e+01
 9.99583333e+01 -3.50000000e+01
 1.00000000e+02 -3.30000000e+01
 1.00041667e+02 -2.90000000e+01
 1.00083333e+02 -2.30000000e+01
 1.00125000e+02 -1.90000000e+01
 1.00166667e+02 -1.70000000e+01
 1.00208333e+02 -2.00000000e+01
 1.00250000e+02 -2.60000000e+01
 1.00291667e+02 -3.30000000e+01
 1.00333333e+02 -4.20000000e+01
 1.00375000e+02 -4.90000000e+01
 1.00416667e+02 -5.00000000e+01
 1.00458333e+02 -4.90000000e+01
 1.00500000e+02 -4.60000000e+01
 1.00541667e+02 -4.30000000e+01
 1.00583333e+02 -3.70000000e+01
 1.00625000e+02 -3.00000000e+01
 1.00666667e+02 -2.50000000e+01
 1.00708333e+02 -2.40000000e+01
 1.00750000e+02 -2.60000000e+01
 1.00791667e+02 -3.30000000e+01
 1.00833333e+02 -4.00000000e+01
 1.00875000e+02 -4.40000000e+01
 1.00916667e+02 -4.50000000e+01
 1.00958333e+02 -4.20000000e+01
 1.01000000e+02 -3.80000000e+01
